0
0
0
0
0
0
0
0
0
0
0
0
0
0
0
0
0
0
0
0
0
0
0
0
0
0
0
0
0
0
0
0
0
0
0
0
0
0
0
0
0
0
0
0
0
0
0
0
0
0
0
0
0
0
0
0
0
0
0
0
0
0
0
0
0
0
0
0
0
0
0
0
0
0
0
0
0
1
0
0
0
0
0
0
0
0
0
0
0
0
0
0
0
0
0
3
0
0
0
0
0
0
0
0
0
0
0
0
0
0
0
0
0
0
0
0
0
0
0
0
0
0
0
0
0
0
0
0
0
0
0
0
0
1
0
0
0
0
0
0
0
0
0
0
0
0
0
0
0
1
0
0
0
0
0
0
0
0
0
0
0
0
0
0
0
0
0
0
0
0
0
0
0
0
0
1
0
0
0
0
0
0
1
1
0
0
0
0
0
0
0
0
0
0
0
0
0
0
0
0
0
0
0
0
1
0
0
0
0
0
1
0
0
0
0
0
0
0
0
1
0
2
0
0
0
0
0
0
0
0
0
0
0
2
2
0
0
0
0
0
0
0
0
2
0
1
1
0
0
0
0
0
0
1
0
0
1
3
0
0
1
0
0
0
1
3
0
0
0
1
0
0
0
0
0
0
0
0
0
1
0
0
1
1
0
1
4
0
0
0
0
0
1
1
0
0
0
0
0
0
0
0
0
1
0
0
1
1
1
1
1
1
1
1
1
1
0
1
1
1
1
1
1
0
0
1
1
5
0
1
1
1
0
5
2
2
1
2
0
0
1
0
4
1
1
0
0
1
0
0
1
3
1
2
1
2
1
2
1
0
1
1
0
1
5
1
1
3
3
1
1
1
0
0
1
4
1
1
0
1
2
1
2
6
3
1
1
1
1
1
1
2
1
1
1
1
1
1
3
1
1
1
1
1
1
1
1
1
1
1
1
1
4
1
1
1
1
1
2
1
3
1
1
1
1
2
1
1
4
1
1
5
1
1
1
1
1
3
1
1
1
1
2
1
2
2
1
1
2
3
2
2
2
2
3
2
3
28
2
6
2
6
5
3
21
12
1
2
1
2
1
2
1
1
8
2
1
2
3
1
2
2
2
2
2
2
1
1
1
1
3
1
2
1
2
1
2
1
2
1
1
1
1
1
1
1
1
1
1
2
1
2
3
2
1
1
2
2
3
2
1
1
1
2
7
2
2
2
2
2
4
2
4
2
2
2
2
2
3
2
2
2
2
2
3
2
2
4
4
7
2
2
2
2
2
2
2
1
1
2
1
2
1
2
2
2
2
2
2
2
2
2
2
2
2
2
2
2
3
1
1
3
7
2
4
2
2
2
2
3
2
2
3
2
5
3
2
7
2
2
4
3
3
2
3
3
2
3
3
2
2
4
3
2
4
2
3
2
5
3
3
2
3
2
2
3
3
2
2
2
2
2
2
2
3
2
4
2
3
3
2
3
3
2
3
4
3
3
3
3
3
3
4
3
5
3
3
8
4
5
3
4
4
3
3
8
4
6
3
3
2
5
2
4
6
3
3
2
10
3
4
3
3
3
3
3
5
3
2
2
4
3
3
2
4
3
3
2
3
2
4
3
4
4
4
4
7
7
4
3
8
4
6
3
4
8
4
7
7
16
4
3
4
4
3
4
4
5
3
5
4
4
11
4
3
2
3
2
3
2
2
3
3
2
2
2
3
3
2
2
2
2
3
2
2
2
3
5
3
3
3
10
4
6
4
3
3
3
3
3
11
5
9
6
6
9
11
5
22
8
8
5
7
6
10
6
8
4
7
5
4
5
5
5
5
4
5
5
5
5
5
9
9
6
8
10
6
8
5
9
5
9
5
4
8
4
6
5
5
6
4
5
8
6
7
3
4
4
4
5
4
7
5
5
5
12
6
5
6
9
3
4
6
5
5
4
3
4
5
6
8
4
5
6
7
8
6
4
6
6
8
4
10
13
8
8
6
9
8
15
7
7
7
5
6
5
5
7
5
7
7
6
5
8
6
7
4
6
6
6
7
6
4
5
6
4
6
6
9
11
7
6
8
40
8
14
6
25
12
7
17
6
19
6
7
7
6
7
9
7
8
6
7
6
4
7
5
5
5
7
8
5
8
7
6
4
4
9
6
5
4
4
6
6
5
5
4
5
5
4
5
5
4
5
4
5
5
4
4
4
4
7
5
6
5
4
10
6
11
4
7
4
5
4
6
5
4
5
5
5
5
5
5
5
6
7
5
5
5
5
5
4
5
6
7
6
5
5
10
5
10
5
5
6
5
5
6
5
6
6
7
6
7
7
6
7
6
6
6
6
5
5
6
5
10
6
5
11
13
5
9
5
7
5
5
6
5
7
6
6
6
6
5
5
6
6
6
7
7
5
6
7
6
6
6
7
6
9
7
7
8
5
6
6
7
6
5
6
6
6
6
6
6
6
6
6
6
7
6
6
6
6
6
9
6
8
14
8
6
7
6
8
7
6
7
6
6
6
6
6
7
6
6
6
7
6
7
6
6
7
8
10
13
9
7
10
8
6
8
8
8
6
6
6
7
6
6
6
6
8
6
6
7
8
11
13
9
10
12
7
12
9
7
9
7
7
6
8
6
7
6
8
7
8
6
7
11
7
13
11
7
7
7
8
7
7
8
8
7
8
7
8
8
7
8
6
8
7
10
8
10
13
11
8
7
7
7
7
7
7
9
8
7
7
9
7
8
8
9
7
8
7
9
8
7
12
9
10
7
8
8
8
8
7
9
8
10
8
8
9
8
8
7
8
8
8
11
12
10
10
9
8
9
8
8
8
8
8
8
8
8
10
8
8
8
7
10
9
11
11
10
9
8
8
9
8
10
8
10
9
8
9
8
9
9
8
8
10
15
13
11
10
9
9
10
11
9
9
8
10
8
11
9
8
9
10
9
11
10
10
11
10
10
9
9
9
10
9
10
9
10
11
10
10
13
9
10
15
11
9
9
9
9
10
10
9
9
10
9
9
10
9
11
14
9
11
14
13
10
9
10
9
10
9
10
10
10
10
11
9
10
11
12
11
10
14
11
12
11
12
10
10
9
11
11
10
9
12
11
10
11
12
14
13
10
10
15
11
10
11
10
11
10
10
10
11
11
13
10
12
12
11
10
12
10
10
11
11
10
11
11
11
11
11
13
10
12
16
13
12
17
11
10
11
11
12
12
10
12
11
16
14
14
13
11
13
10
12
12
11
12
11
15
12
11
12
13
14
14
11
11
12
11
11
12
11
11
12
13
12
12
13
15
13
13
12
12
11
11
13
14
12
12
12
11
12
13
15
15
13
13
11
11
12
12
12
12
13
13
13
12
13
15
14
17
13
13
12
13
12
12
12
12
12
13
12
13
14
15
16
13
12
12
13
12
13
12
12
13
14
13
15
14
18
17
14
13
14
13
13
13
13
13
12
12
15
17
16
16
13
13
13
14
14
12
14
12
13
12
14
14
15
14
14
14
15
14
14
13
13
13
13
13
14
14
14
13
15
13
15
14
15
13
14
14
14
13
13
14
15
15
18
20
16
14
15
15
14
14
14
14
14
14
15
17
17
14
17
14
14
16
15
17
16
32
52
18
17
15
17
17
56
30
62
50
24
21
21
31
170
27
23
18
23
22
18
15
14
15
15
20
16
21
17
15
15
15
15
15
15
15
16
18
16
22
16
15
16
15
15
15
17
15
16
15
18
19
15
15
16
15
15
15
17
18
15
16
20
18
15
15
16
19
19
20
23
22
28
29
25
23
22
27
20
20
23
24
35
24
21
21
19
17
22
24
23
22
18
21
21
23
21
24
21
19
20
20
17
17
18
19
21
18
16
18
20
18
16
17
16
16
16
16
16
18
17
19
21
17
21
19
16
16
16
16
17
16
20
16
20
17
18
20
17
17
18
16
18
18
21
24
22
18
17
18
18
18
17
20
19
20
30
17
17
17
17
18
19
18
20
20
21
17
17
17
18
18
21
18
20
20
23
23
19
18
19
20
18
18
17
21
22
18
19
18
19
18
20
18
18
20
20
20
18
20
18
20
20
19
18
21
21
21
21
18
19
19
18
22
18
20
24
27
22
21
19
19
18
22
21
27
25
20
19
19
20
19
19
18
22
24
20
20
19
19
20
21
19
21
23
19
19
20
24
21
19
21
19
21
20
23
21
19
19
20
20
20
24
20
24
22
20
20
20
21
20
21
25
20
22
19
21
20
20
20
20
23
25
25
22
20
20
20
21
20
22
25
27
23
24
21
20
20
20
23
26
21
22
21
24
21
20
21
25
28
32
24
21
37
24
29
35
25
26
24
20
21
21
26
23
22
21
22
22
22
22
21
26
30
22
21
21
22
21
22
23
23
33
25
26
21
22
22
22
27
24
27
24
22
24
23
22
22
25
24
24
23
22
22
22
21
24
22
28
23
22
22
22
23
23
24
24
27
23
22
23
25
23
24
24
31
23
23
23
23
23
24
25
27
23
29
23
25
24
22
26
31
28
27
23
