0
0
0
0
0
0
0
0
0
0
0
0
0
0
0
0
0
0
0
0
0
0
0
0
0
0
0
0
0
0
0
0
0
0
0
0
0
0
0
0
0
0
0
0
0
0
0
0
0
0
0
0
0
0
0
0
0
0
0
0
0
0
0
0
0
0
0
0
0
0
0
0
0
0
0
0
0
0
0
0
0
0
0
0
0
0
0
0
0
0
0
0
1
0
0
0
0
0
0
0
0
0
0
10
0
0
0
0
0
0
0
0
0
0
0
0
0
0
0
0
0
0
0
0
0
0
0
0
0
0
0
0
0
0
0
0
0
0
0
0
0
0
0
0
0
0
0
0
0
0
0
0
0
0
0
0
0
0
0
0
0
0
0
0
0
1
0
0
0
0
0
0
3
0
0
0
0
0
0
0
0
0
0
0
0
0
0
0
1
1
1
2
0
0
0
0
0
0
1
0
0
1
0
0
0
0
0
1
0
0
1
0
0
0
0
0
0
0
1
0
0
0
0
0
0
0
0
0
0
0
0
0
0
0
0
1
1
4
0
0
1
1
0
0
1
7
1
1
1
0
0
1
0
1
0
0
3
0
0
0
1
1
0
1
1
1
1
0
1
0
1
0
1
0
0
0
1
1
0
1
2
1
1
1
0
1
1
1
1
0
1
0
0
1
1
1
1
1
0
1
0
3
0
1
1
1
2
2
3
1
1
2
2
2
1
2
1
1
2
3
1
1
1
1
1
1
1
1
1
1
1
1
0
1
1
1
1
1
1
1
1
1
4
4
1
1
3
3
1
1
1
1
3
2
1
1
2
4
3
6
1
2
1
3
4
1
2
2
1
1
2
2
1
2
1
2
1
1
2
1
1
1
1
5
2
1
1
1
2
2
1
6
1
2
1
1
1
1
1
2
1
1
2
1
1
1
1
2
2
1
1
1
1
3
1
1
2
1
1
1
3
1
4
2
1
2
1
2
1
1
1
1
1
1
1
2
1
2
13
2
1
2
6
2
2
2
2
1
4
4
8
8
1
9
2
1
2
2
2
3
1
3
9
3
4
2
3
2
2
2
2
1
3
2
2
1
2
1
1
3
2
2
2
1
2
2
2
1
1
2
2
2
1
2
2
2
2
1
1
2
1
1
2
3
2
2
2
6
2
2
2
3
3
2
2
2
2
5
2
2
4
4
2
3
4
4
2
3
3
3
2
4
3
2
2
2
3
3
4
2
2
2
5
2
3
3
1
2
2
2
4
1
1
2
2
3
2
2
2
3
3
2
2
2
2
2
2
2
2
3
6
3
3
3
5
7
7
5
4
3
4
41
8
6
7
3
9
3
5
4
5
3
4
3
4
4
4
4
4
4
3
3
3
3
3
3
3
2
2
3
2
2
4
3
2
2
3
2
4
2
3
3
5
3
3
11
4
3
4
3
6
3
9
2
5
8
4
9
11
5
15
4
3
5
11
4
7
4
4
6
5
4
4
4
6
4
4
13
5
6
7
4
4
7
5
4
4
2
2
7
9
9
3
7
5
4
4
4
10
3
8
6
5
5
4
10
6
11
4
9
4
11
5
20
5
6
5
11
6
6
5
6
3
4
4
7
3
5
4
4
5
4
8
9
4
5
5
4
8
4
5
4
5
11
11
5
12
7
5
10
4
5
6
4
4
4
8
4
6
5
4
6
5
9
16
10
3
9
16
5
8
33
7
7
5
6
5
7
26
8
8
8
18
5
10
6
6
8
5
5
6
5
6
5
5
6
8
5
8
5
10
7
8
9
8
6
7
4
5
6
6
6
5
7
6
10
7
8
6
21
7
16
6
8
8
10
7
7
10
7
14
14
5
9
6
9
4
7
7
21
6
10
7
9
4
5
6
12
6
4
4
6
5
8
5
4
6
6
7
8
7
4
3
7
9
8
5
4
8
6
8
4
4
7
4
4
4
4
4
6
4
6
4
4
4
4
5
4
4
5
4
4
4
5
5
5
5
4
8
5
4
8
6
8
5
4
5
4
4
5
4
5
5
4
5
7
4
5
5
5
4
5
5
4
5
5
4
5
4
4
6
5
4
6
6
4
9
5
9
4
6
5
4
10
4
5
4
4
5
4
4
6
5
5
4
4
5
4
5
5
4
5
5
4
5
5
4
6
6
7
7
12
5
6
5
4
7
4
5
8
5
6
5
6
6
5
7
5
7
5
8
6
5
5
7
7
8
6
10
9
14
15
5
10
5
6
5
11
5
8
6
6
5
6
6
5
5
5
5
5
5
6
8
7
6
11
8
6
7
6
5
6
5
6
5
6
5
6
6
5
7
5
6
7
6
6
5
6
6
7
6
6
6
10
9
11
11
9
6
7
6
8
7
7
6
8
5
6
6
6
6
5
6
6
7
7
6
6
7
6
7
7
12
9
8
7
9
8
8
9
8
6
7
6
6
7
6
6
7
7
8
6
7
6
7
6
7
9
7
6
9
8
10
11
8
6
6
7
6
7
6
7
6
7
7
7
7
6
6
8
6
8
6
8
7
7
9
10
6
8
8
6
7
6
7
8
7
7
7
7
7
7
7
7
7
7
7
7
8
8
12
11
8
8
7
7
7
7
7
8
7
8
7
8
8
7
7
7
7
8
7
7
9
9
7
8
9
8
7
8
7
8
8
7
8
7
8
7
8
7
8
7
11
10
8
13
9
14
12
10
8
8
7
7
8
8
8
8
7
9
8
7
8
7
8
7
13
10
7
15
13
11
10
9
10
8
8
8
8
8
9
8
9
8
9
8
22
15
19
38
9
12
9
9
9
17
9
10
9
8
10
9
9
12
9
12
16
10
9
10
9
9
10
8
9
10
8
9
8
10
9
8
10
11
9
13
11
9
10
9
9
9
10
9
9
9
9
9
9
9
9
8
10
10
10
11
10
9
10
9
9
11
9
9
10
10
10
9
9
9
9
9
9
10
9
14
11
10
9
10
10
9
9
9
9
10
9
9
10
11
9
10
13
9
15
10
11
9
9
10
10
9
9
10
10
10
10
9
12
11
12
11
15
15
13
14
12
11
11
9
10
10
10
10
11
10
11
11
15
14
12
15
12
10
10
10
10
10
13
10
11
10
11
11
12
10
13
13
13
11
10
10
10
10
11
10
11
10
11
10
11
13
10
15
15
11
16
74
13
17
15
15
23
15
12
12
11
11
11
11
11
11
10
11
11
10
12
15
11
17
17
13
13
11
13
12
12
12
13
12
14
14
12
16
18
17
12
20
22
12
15
12
14
16
12
13
13
27
18
23
20
14
15
20
14
13
12
21
35
22
31
14
12
14
14
15
12
12
14
13
18
12
12
13
13
14
17
12
13
12
13
13
12
13
15
20
12
12
13
14
14
16
13
14
15
13
13
13
20
17
19
14
33
20
18
18
18
19
33
29
24
16
19
21
19
19
16
14
14
17
17
15
18
17
15
15
17
31
26
24
27
29
25
19
26
16
15
17
16
26
35
16
16
13
13
13
19
13
13
13
15
18
19
14
13
15
13
14
13
13
13
13
13
20
15
17
21
14
13
14
19
14
14
13
14
13
14
13
16
14
18
13
16
13
14
14
13
13
15
16
17
15
18
16
14
14
15
15
14
14
14
14
13
14
15
16
17
17
14
15
14
16
16
14
14
15
14
15
19
22
21
15
14
14
14
15
17
15
15
16
21
29
15
17
20
16
16
20
30
33
25
29
16
15
15
15
19
16
14
17
21
18
15
15
15
15
15
15
15
15
15
19
15
28
25
21
18
15
16
15
15
18
25
18
16
15
16
15
16
16
16
15
17
26
26
19
18
16
20
21
17
15
20
33
23
22
17
16
15
16
16
16
16
18
25
22
18
16
16
17
16
17
16
17
17
20
24
21
18
16
17
20
16
18
20
22
28
27
27
25
17
17
17
16
20
18
20
19
17
17
17
17
16
17
16
19
19
20
18
18
18
18
17
16
18
18
21
20
21
26
22
19
18
19
20
18
18
24
24
25
23
20
20
18
20
19
20
19
19
18
17
17
17
19
17
17
22
22
18
17
17
21
21
20
18
19
19
20
21
19
18
18
17
19
20
18
21
19
21
19
17
18
19
19
18
20
18
19
25
18
18
17
18
18
18
19
19
21
30
20
23
18
19
20
19
19
22
19
31
21
21
18
23
19
18
20
21
20
25
21
20
19
19
18
19
21
21
21
21
20
19
20
21
19
20
26
24
30
23
21
19
20
19
22
23
24
23
23
27
24
19
19
21
30
25
21
22
22
26
32
22
28
22
21
26
29
23
22
23
30
33
29
23
23
21
21
24
32
24
20
20
20
20
21
21
24
25
20
20
28
30
22
20
32
22
21
21
25
35
22
20
25
26
24
27
21
21
23
22
28
36
24
22
29
25
24
26
29
31
23
20
22
22
23
22
29
34
33
26
20
22
21
44
33
27
22
21
38
27
38
34
22
26
22
29
21
35
33
31
44
30
26
28
27
23
28
23
25
24
24
