0
0
0
0
0
0
0
0
0
0
0
0
0
0
0
0
0
0
0
0
0
0
0
0
0
0
0
0
0
0
0
0
0
0
0
0
0
0
0
0
0
0
0
0
0
0
0
0
0
0
0
0
0
0
0
0
0
0
0
0
0
0
4
0
0
0
0
0
3
4
0
0
0
0
0
0
0
4
0
0
0
0
0
0
0
0
0
0
0
0
0
0
0
0
0
0
0
0
0
0
0
1
0
0
0
0
0
1
0
0
0
0
0
0
0
0
0
0
0
0
0
0
0
0
0
0
0
0
0
0
1
0
0
0
0
0
0
0
0
0
0
0
0
0
0
0
0
0
0
0
0
0
0
0
0
0
0
0
0
0
0
0
0
0
0
0
0
0
1
4
0
0
0
0
0
0
0
0
1
1
1
3
4
0
0
1
3
0
0
0
2
3
2
3
0
1
0
0
0
0
0
0
0
0
0
0
0
0
4
0
0
0
0
2
0
0
0
1
0
0
0
0
0
0
0
0
0
1
1
2
0
0
1
4
0
0
0
0
0
1
4
3
0
4
15
0
0
0
0
0
0
0
0
0
0
0
0
7
1
1
0
0
3
1
1
0
5
1
0
1
0
3
3
0
0
3
0
1
6
0
0
0
1
8
1
1
1
1
1
3
0
2
1
2
3
1
1
1
78
0
1
1
0
4
0
1
1
1
1
7
1
0
1
1
0
1
2
1
1
1
7
2
1
1
1
6
1
1
1
1
1
1
1
1
0
1
1
1
0
1
2
0
1
2
1
1
1
1
5
1
0
0
1
1
1
3
1
1
2
2
3
6
2
1
1
3
1
1
1
1
1
1
1
1
1
1
1
1
1
5
1
1
1
3
1
1
1
1
1
1
3
2
1
1
1
1
1
1
2
1
1
1
1
3
2
1
1
1
2
2
1
1
1
2
2
2
2
1
1
4
1
2
2
2
2
2
2
1
1
3
1
2
16
2
6
2
2
2
7
2
2
1
1
2
3
1
1
1
1
1
1
1
2
1
1
1
1
1
1
1
2
1
1
1
1
1
1
1
1
2
1
1
1
1
1
1
1
1
3
1
1
1
1
1
1
1
3
1
1
1
1
1
1
1
2
2
1
1
1
9
2
4
4
2
2
2
3
3
2
1
1
1
1
1
2
1
1
1
1
1
1
1
1
2
1
2
2
2
2
2
1
1
1
1
1
1
1
1
2
1
1
2
1
1
1
1
1
1
1
2
1
1
1
1
2
1
3
2
1
1
1
2
1
2
1
1
1
1
1
2
2
1
1
1
1
1
2
1
2
3
2
1
4
2
5
2
3
2
2
4
3
2
2
2
2
5
3
1
2
2
3
2
2
2
2
1
2
2
1
2
2
2
2
2
2
2
2
2
2
2
2
2
2
2
2
2
2
2
2
2
2
2
2
2
2
2
2
2
2
2
2
2
2
2
2
2
2
2
2
2
3
3
2
2
2
5
3
3
2
7
3
2
3
2
2
2
2
3
3
2
2
2
3
2
3
4
3
2
3
2
2
3
2
3
2
3
2
2
2
3
2
3
2
3
3
3
2
2
2
3
4
3
2
2
3
2
2
2
2
3
2
4
4
4
3
2
2
12
3
8
4
4
5
3
3
3
8
4
5
7
5
3
4
5
9
11
4
5
4
6
6
5
8
4
13
3
6
8
5
4
11
4
3
7
3
5
5
5
4
5
3
3
3
4
3
7
9
6
5
3
4
35
6
5
7
10
4
18
10
12
5
6
3
3
3
5
3
5
5
5
6
4
3
4
4
3
3
3
3
4
3
3
4
4
3
3
3
4
4
6
5
5
4
4
5
8
6
6
7
5
7
4
4
4
4
3
3
4
3
3
3
5
3
3
4
3
4
3
5
3
3
4
3
3
4
5
4
4
6
6
10
4
5
5
4
6
4
4
4
4
4
4
3
4
4
4
4
5
4
5
5
4
4
4
4
4
4
5
4
4
6
4
4
4
4
4
4
5
4
7
6
4
5
6
5
6
5
5
5
4
4
5
4
4
5
5
4
5
7
6
6
4
5
4
4
5
6
4
5
4
4
4
5
4
5
7
4
5
6
7
5
4
6
4
4
6
4
5
5
5
5
5
4
5
5
4
5
6
5
5
5
6
5
5
5
5
5
4
5
9
7
10
7
7
5
5
5
5
6
5
7
5
5
6
5
7
5
5
6
5
5
5
5
6
5
5
5
5
5
5
5
7
7
5
8
7
9
5
6
5
5
6
5
5
5
5
7
5
6
6
5
5
5
5
5
5
6
6
7
5
5
5
8
5
7
8
6
10
9
5
8
6
12
7
9
5
7
5
6
6
6
6
6
7
5
6
6
6
6
8
8
10
7
6
7
6
11
6
11
6
8
6
7
6
8
6
6
7
6
6
6
6
6
7
6
8
14
9
7
7
6
8
6
7
6
6
8
6
9
6
10
6
9
6
8
6
7
8
7
7
11
7
12
12
7
8
6
7
6
8
7
8
6
10
6
8
7
8
6
9
7
7
7
8
8
9
10
14
7
7
7
6
8
7
8
7
9
8
8
7
11
7
8
7
8
7
7
8
10
14
11
8
8
7
7
7
11
8
9
7
7
8
7
7
7
8
7
8
7
11
9
19
11
12
9
10
10
7
8
8
8
7
8
8
9
9
8
11
9
10
10
19
16
13
12
13
9
10
10
8
9
13
8
8
9
8
8
8
10
10
13
9
12
12
9
8
8
8
8
8
11
11
9
11
10
8
9
9
11
11
12
12
12
8
9
9
8
11
8
8
9
8
11
9
9
9
8
9
10
10
14
13
9
8
9
9
8
8
9
8
10
9
9
9
8
9
9
9
13
15
12
10
10
11
9
10
9
9
10
9
10
9
9
9
9
10
11
9
13
13
12
9
10
10
9
10
12
9
10
9
9
10
9
9
10
11
11
14
10
12
10
9
10
10
10
10
9
9
10
11
11
10
10
12
22
21
13
12
14
12
12
12
10
11
10
11
10
11
14
15
16
14
12
11
10
10
12
11
11
10
11
12
11
11
14
14
15
11
12
11
11
11
10
11
13
11
10
11
10
10
12
20
12
11
10
11
11
11
11
11
10
12
11
12
11
10
10
11
15
33
18
17
12
11
14
23
14
17
14
20
18
20
11
12
13
19
13
16
17
17
14
34
34
14
15
17
21
13
14
15
13
16
15
16
25
19
15
17
14
15
12
12
14
18
29
28
17
13
13
12
12
12
12
12
12
12
13
12
12
14
15
16
12
13
14
11
11
13
13
12
13
13
13
13
15
15
18
12
11
15
15
12
12
12
12
13
13
12
13
15
12
27
13
15
14
14
12
12
13
15
13
14
17
17
22
14
14
13
16
15
14
14
24
18
22
21
31
19
20
21
20
20
23
24
35
32
19
17
18
15
13
14
23
23
28
15
18
15
13
14
14
14
15
20
22
21
14
15
15
19
16
17
28
34
21
54
16
15
15
17
17
35
73
20
18
17
15
17
15
15
15
27
25
19
17
19
13
17
19
20
19
15
24
24
17
18
17
14
16
14
17
15
14
19
23
23
19
16
17
15
14
15
14
16
27
25
22
21
15
23
16
18
16
15
21
21
18
19
18
16
15
15
15
16
15
23
19
19
20
16
15
16
15
15
15
16
16
15
20
16
16
17
16
16
15
15
15
16
15
18
19
15
16
16
16
15
15
15
16
17
18
17
28
23
17
17
20
19
19
17
19
48
47
35
26
39
59
79
30
27
19
18
18
23
28
30
21
18
17
19
17
19
19
30
18
21
20
19
17
30
23
43
31
20
28
28
28
22
32
21
23
17
17
16
17
17
17
16
17
19
19
20
17
17
17
17
17
18
17
18
22
21
19
17
17
17
17
17
18
16
17
17
20
33
26
19
24
18
18
18
22
19
25
25
19
17
17
18
17
18
17
17
19
23
21
19
18
19
19
18
17
19
19
18
22
18
19
19
18
19
21
17
18
23
23
26
19
21
18
18
18
18
20
20
22
21
18
18
18
18
19
20
21
23
27
19
18
18
18
19
19
18
19
23
26
26
26
19
19
22
18
19
24
27
21
19
19
20
19
19
19
21
22
22
19
19
19
20
19
20
19
24
23
19
20
20
22
19
20
21
21
26
21
19
20
19
19
20
20
20
25
25
20
20
20
20
19
19
20
22
23
25
19
20
20
20
19
22
21
29
29
28
24
20
22
20
20
25
32
25
26
22
21
20
21
23
25
23
21
20
22
21
20
23
29
29
21
21
21
21
20
21
21
27
26
22
21
22
21
21
22
25
32
22
21
21
26
21
21
21
24
25
22
22
22
21
21
22
22
26
29
26
23
24
21
22
23
25
26
33
24
22
22
21
24
23
24
27
23
21
21
22
41
44
30
22
25
22
22
22
22
21
25
27
23
22
23
23
23
22
25
25
25
23
29
31
26
23
27
33
24
23
23
23
22
22
25
35
28
25
