0
0
0
0
0
0
0
0
0
0
0
0
0
0
0
0
0
0
0
0
0
0
0
0
0
0
0
0
0
0
0
0
0
0
0
0
0
0
0
0
0
0
0
0
0
0
0
0
0
0
0
0
0
0
0
0
0
0
0
0
0
0
0
0
0
0
0
0
0
0
0
0
0
0
0
0
0
0
0
0
0
0
0
0
0
0
0
0
0
0
0
0
0
0
0
0
0
0
0
0
0
0
0
0
0
0
0
0
0
0
0
15
0
0
0
0
0
0
0
0
0
0
0
0
0
0
0
0
0
0
0
0
0
0
1
0
0
0
0
1
1
0
0
0
0
0
0
0
0
0
7
0
0
0
1
0
0
1
0
0
0
0
0
0
1
0
3
0
0
0
0
0
0
0
2
0
0
0
0
0
0
0
0
2
0
0
1
0
0
0
1
0
0
0
1
0
0
0
0
0
1
0
0
0
1
0
0
0
0
1
1
0
0
0
1
0
0
1
0
0
1
0
0
1
1
0
1
1
0
1
1
1
0
1
0
5
1
0
0
0
0
0
0
0
0
0
0
0
1
1
0
1
1
2
0
0
0
0
0
0
0
0
0
4
0
0
1
0
2
0
0
1
1
0
3
1
1
0
4
0
1
0
0
3
0
0
1
0
2
0
1
1
1
1
1
0
0
1
1
0
1
0
2
0
1
0
0
0
1
4
0
1
1
0
1
2
1
0
0
2
1
1
1
0
2
0
0
4
0
1
0
1
1
1
1
1
1
1
3
1
2
2
1
1
1
2
1
3
1
2
1
3
1
17
1
1
2
2
1
6
1
3
1
1
1
1
1
1
9
1
3
13
3
1
1
6
1
1
2
2
1
1
1
5
1
1
1
1
1
1
1
1
1
4
1
2
1
1
2
1
2
1
3
3
1
1
1
1
1
1
1
1
1
1
6
1
1
1
1
2
1
2
2
1
2
1
1
1
1
2
1
4
1
2
6
2
2
2
3
2
1
1
2
1
6
6
8
4
2
1
2
2
11
16
1
2
2
3
1
9
3
2
2
1
1
1
1
1
1
4
2
5
3
2
2
6
2
2
1
2
2
6
2
2
1
3
2
3
2
2
3
2
2
3
2
2
2
2
2
5
2
2
2
2
2
3
2
3
2
2
4
2
4
5
2
2
2
5
2
3
8
2
4
2
2
2
3
4
2
3
2
4
2
2
11
5
2
2
2
10
6
4
4
2
16
16
4
25
4
7
8
36
18
3
2
5
2
6
2
2
3
6
6
3
4
6
3
2
5
14
3
4
5
3
2
3
3
3
4
3
5
5
5
2
2
4
3
4
9
3
2
8
2
3
4
3
7
4
4
6
3
3
3
3
3
3
4
3
2
4
4
2
4
3
3
2
2
7
4
4
6
3
3
4
3
3
3
4
3
2
2
4
3
3
3
5
3
3
4
3
2
3
4
4
3
3
6
2
2
2
6
3
2
2
8
3
5
2
2
2
2
4
5
3
4
3
2
2
2
8
3
2
5
3
3
6
3
3
6
3
4
3
4
5
5
4
4
7
11
3
3
3
2
4
4
4
4
6
4
4
6
4
3
2
4
3
2
2
3
5
2
3
8
3
3
6
3
17
13
13
6
8
4
9
4
6
3
4
8
4
4
10
7
6
3
8
4
8
4
10
9
5
9
6
6
7
7
4
11
4
8
5
16
5
46
5
37
22
4
6
19
5
6
7
5
6
4
5
7
6
5
4
5
6
5
6
5
4
8
5
4
5
6
4
9
6
5
8
5
4
5
5
4
10
4
6
5
4
9
4
9
5
8
6
4
5
5
3
4
4
3
6
6
3
8
7
4
5
6
7
5
6
7
6
6
3
6
4
3
4
7
3
3
4
4
3
4
4
3
3
4
4
3
6
4
6
5
6
5
8
7
8
4
9
7
7
6
5
4
6
6
6
9
6
5
5
6
5
6
4
5
6
4
6
5
6
4
6
7
4
6
8
6
8
10
7
6
6
6
5
7
7
7
8
4
8
6
6
7
5
6
6
7
6
7
5
7
6
5
7
8
11
8
9
5
6
7
7
8
6
7
6
4
8
7
6
7
7
4
6
6
6
10
7
8
7
8
9
8
6
6
4
6
7
15
9
9
9
9
5
6
7
4
5
4
4
6
4
5
5
4
5
5
4
6
7
6
8
7
8
5
6
7
7
5
6
6
14
7
7
7
7
5
6
7
5
6
6
10
10
9
8
10
38
16
12
10
10
9
10
9
5
5
6
5
5
6
5
5
6
5
8
7
10
8
9
13
11
9
7
9
5
8
5
8
6
6
5
5
5
8
5
8
5
7
5
5
10
9
12
9
8
7
9
5
8
5
8
5
9
7
8
5
5
6
5
7
5
6
5
5
7
5
11
16
6
8
6
10
6
6
8
6
6
5
8
7
5
7
5
7
5
5
8
6
9
7
8
14
8
9
15
13
9
6
10
6
8
6
7
6
6
7
6
9
6
10
6
8
12
6
6
10
22
8
9
6
9
6
9
6
7
6
8
8
10
6
8
6
8
6
12
9
9
9
11
8
10
7
11
8
10
7
7
8
6
7
6
8
6
7
8
10
6
7
8
10
9
19
17
19
12
13
13
10
13
12
12
7
10
7
7
9
7
8
9
13
13
8
17
16
10
8
7
9
7
8
7
9
7
8
7
8
7
10
13
8
13
12
10
8
8
7
7
7
8
8
9
7
7
8
9
7
8
7
10
10
7
10
9
10
13
8
10
8
7
9
7
11
7
9
8
8
8
9
9
11
9
9
7
8
11
13
11
9
9
9
7
10
7
9
8
8
8
11
9
9
8
10
9
9
8
13
24
12
9
10
9
10
9
8
10
8
12
14
10
8
8
9
11
11
14
14
11
13
8
9
10
9
8
10
11
9
10
8
9
12
8
9
8
9
9
11
13
12
11
14
15
11
9
9
9
9
9
9
9
11
10
8
12
13
9
10
10
13
21
14
9
9
9
10
10
11
9
10
9
9
10
13
12
12
12
10
13
10
10
10
10
10
11
9
10
9
10
9
11
10
20
14
14
10
11
12
10
10
11
10
11
9
10
10
9
10
10
11
13
16
14
12
14
9
10
11
10
10
10
11
11
17
13
14
16
15
14
14
10
10
11
13
10
11
10
10
10
12
11
10
10
13
14
19
11
10
12
11
10
10
10
10
10
12
11
11
12
12
16
23
11
16
11
12
11
12
11
11
13
11
11
11
11
16
13
15
14
11
13
10
11
10
11
11
11
11
11
12
15
11
14
17
14
11
11
11
11
12
12
12
12
11
12
14
11
11
16
19
14
12
13
20
12
12
11
14
11
12
13
11
11
17
20
15
11
17
19
15
12
25
15
12
12
12
15
22
13
14
12
13
11
11
15
15
13
13
13
12
12
16
16
15
12
13
12
13
13
12
13
12
11
12
15
12
17
27
17
15
23
18
12
12
12
13
13
14
12
21
15
15
21
17
17
13
13
14
13
13
12
14
16
20
14
13
15
14
14
17
14
16
13
13
15
13
20
20
18
14
15
14
15
16
13
14
12
15
14
20
19
15
18
18
14
14
17
22
18
16
16
25
26
17
15
15
13
14
14
14
16
14
14
15
22
18
17
15
15
14
15
14
15
16
15
15
20
22
26
15
17
19
16
15
15
14
15
15
22
28
23
20
13
14
19
14
15
14
14
17
28
15
14
14
14
14
15
15
14
18
14
16
26
18
15
16
14
15
15
16
15
15
15
15
27
19
18
14
18
15
26
16
16
20
23
17
19
16
15
15
18
16
15
15
17
16
17
19
26
21
27
21
18
16
15
17
19
16
21
22
20
21
16
19
19
17
17
16
16
27
22
28
18
16
17
22
18
21
19
21
26
18
24
22
32
22
20
19
20
19
17
20
17
20
27
17
18
31
22
21
18
27
32
17
19
30
40
22
20
27
34
22
22
23
34
19
23
46
30
22
26
29
30
22
24
19
17
17
16
19
18
25
28
23
27
24
21
17
17
17
18
26
24
42
19
21
21
20
20
29
22
28
18
18
19
18
18
20
18
20
24
34
49
26
24
29
60
44
20
24
20
21
26
32
37
18
22
21
19
18
27
119
66
28
30
34
35
51
63
38
20
24
22
29
26
24
21
29
21
22
18
24
29
22
20
20
20
17
19
26
27
23
26
19
19
18
19
19
18
18
22
27
23
20
18
20
19
24
18
18
24
30
27
32
20
20
23
19
19
21
38
25
25
29
27
25
20
28
23
43
22
20
23
25
28
52
21
25
29
20
28
21
32
21
19
23
24
34
21
28
33
22
21
20
20
20
23
24
32
24
21
22
21
20
19
24
31
36
28
22
20
20
20
20
21
22
26
25
20
21
22
22
26
25
25
51
26
27
29
28
22
30
29
24
24
24
24
32
22
29
23
21
25
22
25
28
39
36
27
24
21
26
22
21
21
20
29
23
22
21
25
22
22
21
22
