0
0
0
0
0
0
0
0
0
0
0
0
0
0
0
0
0
0
0
0
0
0
0
0
0
0
0
0
0
0
1
0
0
1
1
1
1
1
2
1
2
1
1
1
1
1
9
1
3
2
1
0
1
1
3
4
2
6
4
3
3
2
3
4
2
3
3
3
2
2
4
2
3
2
5
3
3
4
4
5
5
13
12
10
3
17
19
13
12
18
18
13
8
7
62
13
50
14
17
11
12
13
8
11
20
19
8
9
18
8
9
10
12
13
15
12
17
11
12
8
9
8
12
13
10
11
8
6
8
12
14
12
30
47
31
45
37
32
34
25
25
21
41
37
41
46
37
30
37
172
42
43
51
42
40
33
43
75
65
40
43
32
32
33
31
26
53
30
79
99
48
50
30
30
48
35
58
50
26
31
24
25
60
53
43
79
35
35
34
29
28
20
19
20
19
24
25
23
19
20
19
22
57
67
58
57
60
65
60
60
65
126
70
59
58
70
57
58
64
76
58
60
77
58
58
68
59
57
61
60
60
58
67
59
60
63
59
58
62
58
58
58
72
61
59
73
62
57
63
58
57
59
64
59
58
65
57
58
59
65
61
58
65
58
57
59
69
59
70
70
59
58
65
58
57
59
63
57
58
70
58
59
63
59
63
61
62
63
65
69
60
60
66
57
58
65
58
61
61
65
72
70
93
66
59
65
61
180
189
185
177
180
175
176
177
176
187
181
185
179
171
177
178
190
188
178
178
172
181
186
184
180
185
184
181
182
178
178
179
183
187
183
179
177
178
176
186
183
190
183
179
177
181
177
175
177
190
188
176
182
180
185
179
175
197
181
177
179
178
180
180
187
178
183
179
177
180
181
178
186
195
179
181
179
179
179
175
181
184
184
178
177
183
181
215
187
180
174
173
179
180
183
178
189
182
188
177
180
182
181
180
196
192
186
180
176
184
181
179
200
184
178
176
178
181
181
179
233
199
219
186
177
183
175
176
199
181
179
177
178
173
176
176
199
185
190
188
183
176
186
177
176
184
178
178
185
178
182
176
189
181
179
187
186
177
537
540
530
543
531
539
554
534
538
540
523
542
540
526
540
538
557
543
527
545
533
539
555
530
532
540
529
561
527
548
580
692
548
534
537
558
537
538
572
525
555
534
528
544
523
547
542
522
550
542
542
556
545
535
543
527
557
532
535
558
538
556
535
533
551
527
533
556
539
542
536
544
560
530
528
546
531
552
527
535
545
529
535
569
534
551
569
535
553
539
538
561
541
549
558
541
565
535
598
586
534
555
532
538
557
539
551
531
539
562
525
533
546
531
539
563
558
541
539
539
543
533
531
562
536
548
539
539
567
532
540
532
549
553
525
536
552
533
539
552
532
581
531
541
544
537
557
547
530
550
546
546
550
538
545
551
541
542
545
535
569
542
565
543
533
559
592
573
568
536
556
527
558
564
530
545
541
526
551
525
538
554
533
573
540
526
558
538
527
546
555
548
548
524
565
554
589
665
738
599
535
556
527
538
562
550
552
534
585
608
535
522
553
531
536
564
549
558
556
546
543
526
538
538
528
542
534
544
558
956
604
660
592
536
532
556
537
1634
1668
1618
1643
1633
1614
1626
1637
1617
1628
1618
1656
1598
1620
1604
1614
1611
1616
1620
1632
1644
1603
1677
1610
1611
1616
1642
1755
1611
1624
1634
1598
1616
1641
1613
1598
1632
1767
1686
1638
1616
1666
1625
1632
1624
1619
1615
1654
1991
1668
1641
1637
1608
1621
1635
1643
1625
1614
1628
1675
1632
1615
1673
1640
1726
1638
1660
1631
1604
1610
1644
1633
1603
1624
1661
1618
1622
1630
1633
1633
1606
1630
1641
1636
1621
1634
1638
1624
1612
1630
1611
1643
1599
1643
1599
1617
1638
1621
1610
1622
1640
1716
1610
1621
1612
1600
1610
1617
1625
1617
1603
1618
1633
1637
1640
1672
1623
1600
1612
1651
1617
1617
1620
1615
1630
1628
1623
1637
1614
1599
1628
1595
1620
1669
1651
1612
1602
1597
1719
1600
1629
1614
1625
1616
1618
1625
1618
1608
1616
1643
1617
1638
1609
1631
1613
1640
1649
1618
1641
1614
1633
1609
1616
1599
1630
1622
1628
1610
1659
1620
1736
1639
1614
1626
1647
1690
1650
1663
1606
1616
1605
1624
1611
1654
1622
1641
1625
1623
1636
1631
1645
1615
1606
1603
1628
1626
1625
1612
1643
1614
1615
1610
1641
1615
1606
1637
1617
1637
1631
1633
1611
1613
1627
1803
2234
1897
1811
1628
1605
1651
1629
1611
1633
1642
1658
1656
1610
1642
1610
1677
1624
2023
1959
1842
1664
1599
1661
1635
1648
1615
1614
1647
1664
1651
1636
1650
1607
1616
1613
1753
1623
1641
1642
1627
1639
1610
1631
1629
1610
1693
1668
1662
1645
1613
1628
1621
1636
1650
1697
1612
1605
1644
1625
1604
1637
1644
1631
1627
1594
1623
1614
1615
1616
1615
1629
1619
1743
1626
