18
21
13
18
16
16
55
10
13
10
7
23
10
17
22
17
16
17
20
91
28
26
24
68
55
20
13
0
31
18
32
27
29
20
20
18
17
26
32
18
28
34
18
33
38
0
34
23
34
36
29
39
23
40
33
41
37
41
30
35
38
36
27
44
28
47
41
31
38
40
49
37
35
34
38
41
35
53
50
39
50
51
52
55
45
57
54
51
41
40
44
42
54
0
45
57
57
52
63
61
54
46
45
60
57
56
64
65
59
66
65
54
54
0
70
69
64
19
65
68
62
105
59
56
61
57
73
69
108
72
70
68
74
64
0
73
3
63
0
78
64
79
71
72
64
82
81
75
85
78
30
82
79
70
72
78
72
81
75
84
78
76
73
84
79
79
86
75
76
50
86
91
77
78
89
96
89
92
86
99
98
88
84
90
99
83
90
86
98
94
100
92
87
104
96
158
100
96
106
102
104
107
92
110
106
109
107
109
69
103
101
105
106
70
99
112
98
107
116
117
112
111
99
107
104
105
120
113
116
120
112
121
105
113
107
143
116
106
121
90
122
127
124
121
116
113
113
128
119
130
125
124
97
103
124
122
190
122
121
130
128
124
122
124
128
134
33
120
137
127
128
137
131
101
136
141
87
150
42
130
126
126
133
135
135
132
139
145
147
199
144
149
198
137
150
150
139
148
147
138
144
152
149
141
151
153
152
212
151
152
155
155
147
143
149
153
148
147
154
150
144
147
158
164
159
165
157
160
147
75
162
151
157
245
155
157
140
157
171
168
166
170
171
236
165
162
125
162
173
172
162
165
171
171
167
164
173
166
171
169
170
163
175
207
163
134
171
181
182
174
168
168
182
186
175
186
156
181
171
159
184
188
174
178
180
123
186
191
174
188
186
181
178
194
188
179
181
190
243
187
196
116
199
185
193
196
186
183
198
184
193
187
186
196
199
201
205
202
192
192
200
191
189
191
197
197
198
199
202
194
210
196
208
199
212
208
214
202
209
150
158
210
214
205
201
218
210
212
219
216
202
216
217
209
204
214
212
218
207
219
210
212
224
210
212
221
216
222
220
315
156
229
215
215
220
229
220
227
228
227
222
222
228
229
225
223
237
233
224
222
226
236
239
228
221
240
226
227
227
233
238
165
241
236
230
233
237
228
205
215
238
233
233
235
242
234
239
238
248
249
250
246
246
238
242
239
247
256
277
238
239
251
256
251
240
254
244
256
254
255
250
248
276
252
261
264
257
256
265
248
252
247
267
251
249
266
265
256
255
266
192
262
264
271
267
261
268
263
274
270
261
267
303
264
272
277
265
261
273
275
278
273
314
280
182
271
271
277
276
275
265
273
274
271
272
285
275
286
381
277
278
287
277
281
290
290
276
348
284
287
293
277
286
289
294
293
292
283
211
254
292
287
279
286
288
300
292
291
295
224
284
291
300
288
299
302
302
303
288
233
302
351
303
293
308
295
308
305
309
305
300
296
308
304
305
305
295
300
362
297
302
304
301
300
243
306
305
310
319
312
317
318
313
327
341
313
323
313
310
318
320
318
306
311
308
318
317
354
323
323
313
325
314
324
320
313
313
321
330
327
334
325
315
319
324
327
336
330
334
335
330
331
328
329
322
338
339
326
335
337
330
328
332
329
338
342
339
257
346
342
341
328
249
337
343
335
350
260
250
347
352
343
336
347
334
284
347
339
355
345
348
344
423
346
340
346
359
349
345
341
346
348
353
454
344
353
353
347
362
361
353
361
361
353
362
357
357
416
365
368
384
368
361
359
359
358
370
365
370
367
359
365
358
356
359
373
372
361
361
373
378
373
375
379
366
380
362
375
353
383
381
370
374
371
380
378
367
386
386
381
378
372
379
375
285
386
371
373
385
379
375
376
382
377
387
382
380
430
395
393
378
391
381
381
394
388
383
331
382
384
396
403
387
402
398
393
387
395
300
400
398
382
391
404
402
394
389
402
395
394
399
395
397
407
348
410
406
403
409
397
412
401
401
411
402
414
400
407
402
412
452
407
401
420
421
420
414
421
404
404
422
414
377
418
422
414
503
415
410
419
413
421
429
428
428
425
414
430
425
426
420
427
427
330
430
421
455
427
461
434
432
420
432
420
345
439
423
437
424
435
436
424
430
439
428
439
441
427
427
427
368
440
438
512
447
432
449
392
444
449
440
440
434
438
446
478
439
436
450
450
449
345
455
437
445
442
453
441
447
454
446
449
447
455
451
446
447
468
446
461
455
446
449
446
465
454
460
448
454
449
450
458
450
378
457
469
463
461
472
460
455
464
459
462
458
464
476
492
473
549
470
377
472
471
470
465
462
476
475
476
463
463
473
471
469
479
469
474
470
480
478
485
483
485
486
447
489
476
473
489
443
491
480
482
475
492
475
492
418
493
476
481
484
590
494
494
491
483
494
489
483
489
493
442
581
498
488
496
491
411
494
487
498
506
496
507
499
499
413
505
499
493
510
485
504
398
494
401
498
505
510
508
497
505
506
499
511
517
502
573
502
509
508
516
520
508
510
520
505
507
520
518
505
486
521
513
517
518
525
518
523
524
510
495
512
529
511
512
579
527
516
532
530
520
517
528
516
533
535
536
536
520
525
531
530
531
537
527
536
528
536
540
527
541
526
537
539
538
532
545
526
536
531
534
535
536
543
532
546
532
542
537
542
553
550
537
534
552
553
541
535
545
543
549
555
538
548
549
545
549
546
548
543
553
617
554
560
554
547
553
551
549
560
552
553
557
553
559
563
564
556
566
557
660
510
551
570
554
560
558
570
558
562
573
574
561
572
570
572
563
570
590
563
565
566
566
569
570
565
564
577
579
580
564
575
580
577
572
574
573
582
568
579
578
568
586
572
586
578
585
586
593
579
575
583
581
591
585
585
583
586
585
591
585
587
547
580
579
583
586
590
588
583
577
591
600
603
589
597
504
592
598
597
599
657
588
587
600
591
590
606
667
598
602
602
600
592
601
605
608
594
601
611
595
611
604
598
604
614
600
610
608
610
599
603
565
617
607
603
619
616
603
613
695
616
620
620
608
616
611
584
620
676
623
614
627
528
622
625
626
624
617
613
625
619
632
614
632
556
632
619
627
633
624
618
627
626
680
639
622
540
638
624
626
635
641
631
637
628
630
630
633
638
633
745
640
633
639
635
632
634
636
647
642
635
644
647
649
634
653
651
646
640
638
637
654
639
637
639
652
654
654
646
641
645
650
648
652
645
727
648
710
662
650
647
646
622
661
657
647
656
660
654
658
665
663
660
652
670
662
659
659
663
710
663
657
661
655
681
668
604
666
666
665
659
661
672
664
668
670
667
670
665
662
758
678
676
597
683
672
676
679
682
679
678
670
686
683
680
732
670
676
672
682
678
688
681
776
693
688
684
687
688
694
686
681
679
696
694
634
684
684
689
696
694
681
684
700
696
691
698
690
684
686
646
699
694
689
689
708
705
692
609
701
696
699
699
704
775
711
702
707
699
700
698
705
714
665
697
698
715
700
713
711
718
702
706
717
707
705
668
720
711
709
720
723
716
724
720
725
706
718
718
724
705
722
715
711
721
717
728
719
724
719
727
714
725
731
726
731
730
732
721
722
734
721
729
720
722
736
730
738
726
723
740
735
731
734
727
743
730
724
731
738
734
735
745
727
747
732
728
744
741
746
744
748
733
744
745
735
749
738
752
750
751
735
749
746
753
755
738
750
755
745
734
750
754
745
751
750
745
746
743
762
761
745
750
763
765
760
752
760
758
752
755
751
754
768
754
764
765
769
698
731
756
765
768
757
763
769
766
874
830
771
758
768
774
768
773
765
761
777
763
764
803
765
764
803
783
777
778
781
773
768
782
772
782
771
777
781
771
784
776
774
782
742
780
794
778
782
778
791
779
790
777
787
786
784
781
785
782
782
782
797
780
780
794
796
789
789
810
792
801
789
790
790
792
805
787
805
804
800
890
804
791
789
800
802
798
810
798
800
808
798
825
802
810
813
814
796
811
804
815
813
816
807
799
810
904
812
800
813
810
819
819
814
817
800
822
814
824
807
813
811
826
825
813
808
823
811
778
827
815
812
819
825
887
738
821
815
823
825
832
818
825
826
787
814
821
828
822
824
824
832
834
832
837
830
841
823
836
835
826
828
844
832
832
834
831
829
828
837
829
756
834
839
846
845
850
764
839
851
850
867
849
837
844
839
846
844
846
841
846
853
851
854
853
843
825
842
853
845
854
843
934
856
897
851
846
852
864
859
852
849
856
931
866
855
868
860
861
858
852
861
857
858
853
862
861
865
864
861
861
939
857
873
863
866
874
800
869
872
945
860
880
917
880
866
874
872
868
883
788
876
881
873
974
871
870
876
885
873
878
881
873
882
875
878
886
889
874
809
880
887
879
890
887
884
887
896
940
884
895
878
887
941
884
896
900
894
886
891
892
898
886
886
892
903
896
899
904
902
900
890
901
903
898
903
874
901
904
904
904
908
894
901
893
902
895
908
914
914
906
915
899
907
899
902
901
918
906
911
907
872
914
906
917
906
908
919
908
910
909
917
999
922
916
926
908
918
914
928
919
879
927
915
912
843
916
931
925
920
919
917
873
923
918
916
924
918
920
909
923
928
927
920
1022
940
936
934
929
935
932
924
941
940
935
939
920
929
940
935
932
929
935
933
975
937
946
939
941
935
938
935
935
942
940
942
936
944
948
947
920
970
941
953
885
944
955
944
940
947
948
943
955
950
943
955
949
946
952
946
954
1002
949
949
951
965
1019
968
960
875
954
962
965
967
963
965
970
955
962
960
970
969
964
963
975
959
965
960
960
976
970
978
893
976
873
961
967
980
966
970
980
974
970
981
1064
985
973
977
974
977
986
969
983
972
978
975
974
976
986
987
973
879
990
986
990
988
990
993
995
981
982
992
978
1056
981
982
990
995
986
985
982
989
984
995
987
987
990
1003
950
986
997
990
993
1003
997
919
992
1071
992
1002
996
1005
1005
1001
998
996
1002
997
1010
1009
1010
1003
1000
1009
1003
998
995
1013
1000
1011
1016
1003
1002
1008
927
1011
1018
1003
1022
1013
1009
1013
1024
1014
1013
1019
1018
1024
1020
1026
1022
982
1020
1014
1021
945
1023
1026
1014
1029
1023
1020
1030
1020
1026
1019
1032
1017
1036
1022
1029
1030
1019
1025
1029
1020
1028
1038
1091
1027
1041
1027
1040
1004
1033
1043
1029
1039
1030
1037
1031
1043
1042
1047
1042
1041
1035
1046
1031
1032
1043
1045
1046
1045
1033
1050
1048
1048
1042
1036
1050
1047
987
1048
1141
1135
1039
1049
1057
1055
982
1130
1046
1049
1056
1059
1046
1057
1046
1056
1061
1059
1057
1064
1049
1066
1055
1065
1052
1060
1061
1058
1052
1059
1051
1054
1064
1048
1066
1059
1063
1066
1060
1069
1073
1065
1057
1057
1066
1059
1069
1075
1066
1073
1077
1070
1067
1062
1078
1077
1005
1081
1082
1079
1070
1073
1083
1109
1074
1075
1075
1083
1074
1084
1080
1084
1080
1088
1078
1090
1082
1050
1075
1089
1073
1091
1086
1076
1169
1076
1095
1084
1094
1080
1097
1087
1096
1180
1086
1086
1099
1099
1099
1098
1097
1006
1090
1048
1091
1038
1141
1092
1095
1099
1102
1087
1194
1105
1100
1104
1093
1106
1098
1123
1106
1111
1095
1107
1138
1105
1099
1100
1096
1105
1100
1104
1121
1185
1108
1015
1113
1116
1101
1105
1101
1119
1110
1108
1118
1109
1104
1115
1107
1119
1109
1110
1111
1116
1110
1114
1126
1193
1105
1171
1124
1066
1117
1123
1112
1129
1123
1115
1127
1124
1118
1125
1118
1124
1118
1127
1123
1126
1122
1132
1134
1125
1134
1130
1127
1133
1130
1131
1139
1122
1191
1138
1140
1125
1132
1133
1143
1142
1137
1097
1132
1163
1128
1141
1141
1146
1145
1141
1150
1139
1150
1149
1150
1138
1134
1150
1149
1137
1138
1138
1146
1140
1143
1143
1138
1155
1145
1146
1090
1145
1152
1223
1131
1147
1150
1149
1155
1126
1149
1154
1150
1154
1160
1149
1164
1165
1151
1158
1154
1164
1159
1150
1167
1160
1152
1153
1153
1168
1164
1167
1155
1156
1171
1175
1163
1171
1170
1176
1169
1166
1165
1178
1172
1172
1162
1169
1177
1170
1180
1163
1213
1179
1179
1177
1189
1134
1180
1184
1169
1171
1171
1186
1179
1171
1172
1170
1174
1174
1187
1191
1175
1191
1188
1187
1174
1191
1180
1185
1266
1178
1186
1181
1121
1091
1196
1184
1180
1186
1193
1196
1194
1245
1175
1197
1200
1196
1197
1185
1287
1194
1202
1187
1130
1192
1144
1203
1200
1190
1200
1201
1209
1305
1208
1197
1201
1117
1206
1207
1223
1202
1196
1214
1203
1213
1200
1165
1210
1199
1204
1202
1218
1206
1213
1210
1215
1217
1204
1194
1213
1219
1204
1189
1224
1212
1220
1130
1218
1223
1208
1211
1224
1218
1209
1210
1225
1216
1230
1224
1218
1213
1222
1217
1214
1224
1226
1229
1233
1237
1219
1221
1224
1226
1231
1227
1225
1230
1227
1221
1225
1229
1235
1240
1239
1229
1236
1226
1241
1227
1241
1233
1228
1232
1229
1239
1232
1242
1241
1322
1231
1245
1238
1217
1248
1236
1250
1252
1239
1242
1246
1248
1252
1237
1240
1256
1254
1241
1250
1255
1239
1253
1240
1250
1252
1246
1254
1251
1244
1252
1246
1247
1260
1257
1254
1263
1248
1251
1250
1260
1248
1256
1261
1252
1265
1260
1260
1252
1263
1252
1264
1270
1257
1273
1261
1256
1257
1272
1235
1275
1264
1267
1259
1228
1263
1275
1260
1276
1278
1278
1277
1279
1276
1265
1266
1247
1268
1270
1333
1251
1280
1266
1282
1277
1272
1279
1280
1276
1270
1272
1288
1285
1271
1287
1263
1288
1276
1287
1281
1287
1292
1293
1285
1294
1292
1294
1292
1289
1278
1281
1286
1338
1296
1293
1290
1292
1360
1298
1293
1299
1303
1294
1285
1290
1301
1302
1288
1304
1304
1292
1290
1290
1298
1304
1299
1295
1310
1309
1303
1273
1297
1294
1305
1296
1314
1312
1304
1309
1299
1305
1308
1316
1307
1236
1304
1316
1319
1335
1318
1313
1311
1308
1312
1308
1312
1311
1320
1320
1310
1315
1323
1296
1317
1308
1318
1328
1325
1346
1362
1320
1318
1324
1325
1318
1317
1323
1328
1319
1333
1319
1310
1325
1330
1329
1320
1325
1335
1330
1324
1322
1323
1320
1340
1340
1327
1328
1324
1268
1329
1331
1337
1327
1342
1339
1339
1328
1340
1428
1347
1344
1342
1347
1348
1341
1350
1339
1336
1338
1350
1335
1348
1342
1339
1348
1341
1353
1344
1343
1344
1350
1339
1341
1349
1349
1353
1340
1354
1358
1351
1354
1359
1355
1362
1345
1347
1345
1362
1346
1264
1365
1357
1302
1363
1349
1362
1359
1364
1366
1355
1364
1362
1353
1432
1364
1366
1426
1371
1329
1341
1362
1365
1373
1374
1371
1364
1376
1376
1368
1371
1368
1375
1365
1366
1368
1379
1374
1367
1369
1367
1377
1384
1381
1384
1375
1377
1383
1386
1384
1379
1382
1381
1370
1381
1390
1388
1382
1485
1375
1379
1396
1388
1318
1391
1378
1379
1382
1388
1390
1379
1378
1319
1394
1386
1391
1380
1426
1395
1392
1384
1395
1389
1393
1392
1465
1401
1398
1390
1390
1394
1331
1389
1401
1405
1402
1400
1393
1405
1395
1410
1405
1396
1399
1410
1402
1401
1361
1398
1406
1406
1414
1401
1413
1400
1410
1408
1414
1417
1415
1406
1406
1407
1419
1403
1414
1390
1411
1418
1404
1420
1407
1411
1409
1410
1410
1407
1419
1326
1414
1418
1425
1416
1412
1412
1411
1430
1418
1426
1420
1413
1414
1428
1430
1415
1430
1429
1424
1422
1417
1419
1420
1422
1420
1425
1469
1433
1432
1428
1435
1428
1437
1425
1433
1442
1444
1438
1440
1441
1445
1444
1440
1429
1521
1446
1443
1441
1458
1432
1447
1477
1450
1449
1436
1435
1450
1435
1460
1440
1435
1447
1455
1371
1446
1442
1463
1449
1458
1442
1445
1440
1444
1441
1452
1451
1447
1453
1463
1454
1480
1454
1397
1452
1457
1451
1448
1426
1536
1468
1464
1455
1451
1435
1455
1454
1463
1458
1470
1385
1457
1457
1457
1465
1398
1472
1474
1462
1461
1468
1458
1475
1471
1459
1430
1476
1461
1473
1480
1472
1468
1464
1479
1528
1476
1474
1469
1472
1477
1476
1481
1397
1486
1480
1474
1504
1489
1470
1481
1485
1479
1478
1447
1481
1407
1486
1479
1490
1489
1486
1484
1478
1483
1485
1478
1478
1490
1492
1451
1495
1495
1476
1491
1482
1492
1406
1500
1489
1521
1498
1486
1485
1486
1500
1487
1496
1497
1497
1508
1503
1504
1498
1496
1495
1498
1507
1494
1510
1499
1498
1512
1501
1506
1502
1512
1512
1514
1516
1515
1510
1517
1503
1518
1510
1505
1513
1518
1510
1507
1520
1416
1515
1522
1520
1514
1425
1550
1524
1515
1509
1509
1516
1527
1510
1521
1523
1529
1523
1511
1524
1528
1528
1500
1517
1514
1515
1516
1525
1535
1535
1523
1519
1521
1475
1521
1522
1521
1446
1538
1536
1533
1533
1539
1523
1524
1537
1532
1567
1527
1606
1542
1528
1536
1531
1536
1534
1585
1488
1547
1530
1539
1543
1533
1547
1544
1546
1548
1551
1551
1538
1540
1551
1548
1555
1554
1540
1548
1553
1553
1540
1591
1557
1554
1605
1541
1557
1545
1559
1562
1552
1552
1554
1557
1557
1558
1565
1549
1562
1547
1554
1549
1552
1568
1553
1557
1562
1569
1562
1472
1563
1559
1567
1572
1665
1569
1570
1496
1574
1559
1562
1570
1575
1571
1640
1614
1578
1652
1565
1569
1573
1564
1567
1566
1574
1572
1565
1516
1577
1580
1580
1584
1577
1584
1584
1585
1569
1584
1577
1575
1575
1572
1581
1577
1541
1591
1576
1582
1587
1578
1584
1577
1575
1581
1593
1580
1594
1589
1595
1585
1593
1589
1582
1595
1588
1589
1595
1597
1593
1591
1596
1587
1599
1596
1603
1586
1590
1591
1599
1603
1599
1605
1589
1591
1603
1604
1605
1595
1605
1594
1594
1600
1603
1603
1595
1601
1594
1610
1612
1604
1597
1603
1613
1616
1600
1555
1605
1612
1617
1619
1610
1606
1610
1621
1611
1604
1573
1605
1638
1538
1615
1618
1509
1607
1616
1619
1573
1611
1622
1612
1564
1611
1518
1618
1620
1628
1629
1631
1621
1622
1624
1616
1628
1635
1630
1617
1637
1623
1638
1565
1622
1625
1630
1623
1626
1631
1633
1642
1631
1625
1640
1632
1628
1632
1645
1644
1632
1634
1640
1646
1638
1629
1725
1707
1640
1640
1637
1675
1637
1639
1650
1646
1640
1687
1649
1640
1638
1638
1642
1652
1656
1644
1656
1655
1640
1657
1645
1649
1650
1649
1657
1652
1644
1660
1662
1663
1743
1658
1659
1646
1654
1648
1648
1666
1662
1660
1657
1651
1654
1670
1652
1660
1663
1655
1668
1669
1660
1660
1664
1674
1674
1659
1581
1671
1667
1674
1669
1674
1666
1669
1673
1672
1666
1661
1679
1674
1664
1675
1674
1675
1672
1767
1683
1677
1703
1677
1688
1670
1719
1688
1679
1618
1676
1672
1690
1677
1684
1679
1682
1690
1692
1676
1685
1683
1684
1689
1682
1677
1691
1682
1696
1689
1697
1698
1694
1691
1683
1692
1686
1694
1686
1700
1700
1702
1699
1635
1694
1697
1699
1703
1689
1698
1694
1689
1697
1707
1705
1709
1692
1691
1708
1710
1701
1705
1693
1704
1710
1697
1701
1706
1713
1703
1708
1705
1710
1712
1705
1699
1710
1708
1714
1719
1717
1720
1702
1705
1704
1704
1706
1721
1718
1724
1707
1708
1717
1726
1711
1727
1714
1712
1714
1655
1711
1729
1684
1717
1719
1714
1721
1714
1724
1733
1730
1726
1723
1730
1726
1734
1735
1720
1798
1735
1733
1720
1724
1736
1730
1809
1727
1730
1724
1734
1726
1735
1676
1727
1735
1729
1728
1737
1730
1747
1747
1733
1756
1740
1748
1735
1742
1741
1742
1743
1750
1752
1742
1750
1751
1749
1743
1741
1744
1737
1748
1835
1742
1687
1751
1748
1741
1745
1752
1754
1830
1755
1751
1745
1761
1762
1753
1764
1748
1751
1758
1752
1737
1749
1749
1768
1751
1752
1786
1768
1765
1761
1718
1752
1754
1771
1768
1763
1762
1811
1772
1773
1761
1769
1771
1775
1795
1763
1766
1767
1763
1779
1776
1776
1774
1779
1782
1774
1770
1772
1775
1828
1768
1783
1785
1771
1768
1776
1787
1775
1782
1788
1781
1771
1773
1698
1788
1790
1784
1791
1786
1787
1791
1777
1781
1776
1791
1738
1788
1792
1794
1794
1798
1793
1786
1790
1781
1791
1792
1800
1791
1789
1792
1794
1801
1785
1787
1803
1802
1803
1794
1787
1798
1802
1805
1802
1790
1746
1798
1804
1798
1811
1804
1802
1795
1801
1797
1795
1814
1811
1808
1798
1799
1803
1813
1753
1806
1802
1816
1805
1814
1878
1806
1807
1813
1803
1774
1819
1813
1818
1806
1816
1817
1819
1794
1812
1825
1808
1808
1828
1824
1823
1816
1825
1818
1824
1817
1814
1814
1827
1820
1823
1817
1829
1825
1820
1822
1824
1826
1835
1835
1834
1819
1825
1838
1840
1825
1831
1826
1825
1842
1841
1832
1841
1827
1830
1840
1840
1844
1846
1840
1845
1841
1936
1846
1834
1830
1841
1847
1833
1845
1807
1836
1843
1844
1838
1839
1843
1784
1853
1751
1847
1840
1856
1850
1849
1856
1840
1842
1849
1848
1841
1779
1860
1845
1786
1912
1818
1862
1859
1850
1863
1861
1865
1854
1865
1849
1865
1868
1859
1861
1864
1851
1863
1855
1871
1865
1865
1864
1866
1856
1865
1863
1867
1875
1874
1861
1871
1860
1872
1865
1863
1878
1809
1879
1877
1868
1881
1872
1951
1870
1871
1875
1873
1856
1873
1878
1872
1881
1877
1868
1869
1886
1882
1882
1882
1832
1888
1872
1884
1889
1880
1882
1885
1878
1886
1884
1879
1881
1885
1887
1878
1880
1888
1887
1891
1897
1883
1894
1889
1883
1889
1882
1901
1884
1894
1900
1891
1892
1893
1898
1900
1890
1899
1891
1900
1895
1901
1890
1905
1901
1891
1910
1899
1898
1911
1910
1911
1894
1913
1909
1898
1975
1901
1904
1912
1906
1906
1914
1918
1908
1919
1902
1902
1916
1921
1909
1907
1920
1906
1918
1911
1912
1842
1908
1906
1915
1909
1916
1911
1913
1928
1922
1928
1887
1925
1929
1913
1915
1989
1925
1931
1933
1916
1824
1930
1918
1917
1908
1928
1928
1924
1995
1923
1924
1932
1929
1934
1930
1932
1936
1932
1937
1998
1936
1934
1932
2006
1930
1940
2017
1939
1939
1946
1939
1940
1947
1936
1945
1893
1942
1947
1935
1939
1940
1933
1945
1950
1936
1952
1946
1924
1946
1952
1945
1973
1947
1954
1947
1949
1944
1950
1947
1950
1955
1953
1956
1943
1960
1960
1959
1959
1954
1946
1965
1966
1949
1962
1958
1951
1955
1963
1963
1969
1955
1959
1969
1965
1954
1966
1972
1968
1969
1960
1972
1960
1965
1894
1972
1974
1961
1977
1962
1962
1968
1975
1976
1969
1978
1966
1971
1963
1978
1973
1975
1970
1981
1982
1981
1977
1965
1975
1969
1987
1971
1981
1980
1974
1974
1988
1982
1977
1974
1979
1992
1983
1975
1982
1987
1989
1986
1984
1989
1982
1989
1988
1992
1989
1984
1986
1987
1999
2060
1987
1997
2002
1988
2000
1991
1992
2062
1998
2004
2000
1991
2005
1993
2004
1990
2069
2005
2001
2037
2005
1991
2011
1951
1994
1994
2010
2016
2092
2014
1999
2003
2001
1998
2006
1998
2005
1998
2005
2014
2000
2016
2019
2007
2006
2020
2016
2018
2014
2023
2007
2017
2015
2008
2025
2020
2011
2012
2022
2021
2012
2080
2016
2026
2024
1967
2011
2029
2030
2016
2024
2028
2023
2048
2027
2016
2029
2026
2021
2023
2024
2032
2019
2028
1945
2036
2039
2028
2037
2032
2022
2028
2038
2028
2043
2044
2034
2033
2040
2030
2031
2039
2032
2042
2032
2036
2045
2035
2038
2036
2036
2037
2034
2048
2037
2038
2045
2046
2045
2050
2048
2040
2042
2037
2065
2050
2054
2053
2044
2045
2040
2056
2060
2075
2059
2048
2057
2048
2044
2062
2059
2061
2050
2048
2056
2052
2050
2060
2049
2068
2065
2053
2055
2053
2059
2056
2058
2057
2071
2068
1990
2066
2070
2056
2072
2071
2075
1975
2063
2070
2067
2059
2062
2067
2070
2070
2079
2063
2067
2026
2075
2072
2070
2081
2082
2066
2075
2085
2080
2081
2070
2075
2069
2074
2084
2082
2072
2083
2076
2081
2085
2073
2085
2074
2092
2092
2079
2081
2079
2081
2087
2079
2085
2085
2084
2086
2083
2088
2085
2097
2088
2092
2100
2088
2093
2090
2094
2102
2094
2104
2104
2102
2088
2130
2100
2110
2096
2095
2100
2108
2094
2102
2094
2096
2093
2108
2068
2154
2096
2099
2107
2048
2105
2108
2113
2014
2202
2109
2117
2100
2110
2107
2114
2116
2116
2109
2114
2105
2117
2112
2121
2106
2109
2105
2116
2110
2116
2119
2123
2119
2110
2120
2122
2187
2150
2112
2123
2125
2127
2098
2119
2116
2118
2114
2121
2128
2133
2129
2123
2134
2121
2129
2120
2123
2126
2123
2119
2125
2129
2128
2137
2136
2131
2137
2123
2132
2141
2076
2126
2136
2193
2134
2138
2132
2144
2057
2133
2141
2135
2139
2134
2215
2140
2138
2146
2150
2151
2144
2137
2144
2141
2143
2137
2144
2145
2148
2140
2151
2152
2214
2146
2149
2158
2244
2143
2160
2159
2144
2159
2159
2144
2148
2145
2150
2165
2157
2147
2164
2158
2158
2159
2150
2160
2168
2165
2168
2154
2158
2156
2169
2161
2172
2173
2162
2174
2168
2156
2158
2165
2172
2161
2175
2169
2164
2170
2172
2165
2166
2171
2161
2167
2178
2178
2263
2180
2164
2261
2175
2166
2169
2172
2167
2182
2096
2172
2170
2181
2183
2173
2170
2180
2181
2177
2153
2180
2189
2188
2189
2182
2175
2183
2185
2191
2182
2190
2196
2189
2194
2193
2187
2199
2197
2186
2198
2201
2196
2112
2156
2163
2191
2201
2125
2190
2187
2202
2202
2204
2190
2195
2251
2189
2199
2208
2198
2197
2301
2207
2202
2209
2203
2194
2198
2194
2197
2208
2208
2198
2214
2209
2211
2217
2213
2212
2217
2212
2210
2219
2205
2204
2206
2214
2217
2210
2222
2204
2214
2222
2216
2206
2208
2223
2207
2151
2227
2213
2219
2215
2177
2118
2218
2222
2213
2215
2229
2223
2232
2232
2229
2220
2234
2231
2235
2228
2231
2233
2220
2218
2221
2228
2232
2238
2236
2237
2227
2240
2156
2239
2240
2225
2236
2235
2237
2227
2229
2242
2241
2233
2242
2245
2230
2231
2238
2235
2235
2236
2238
2251
2240
2236
2247
2236
2236
2246
2251
2240
2250
2249
2242
2251
2244
2251
2247
2248
2247
2248
2260
2241
2247
2256
2246
2253
2249
2265
2259
2260
2252
2263
2256
2252
2248
2265
2254
2264
2251
2263
2258
2265
2258
2267
2259
2264
2265
2265
2254
2270
2262
2257
2266
2255
2264
2265
2266
2270
2275
2266
2264
2263
2272
2278
2261
2264
2280
2272
2269
2277
2267
2265
2272
2268
2265
2272
2271
2267
2274
2279
2282
2283
2374
2271
2286
2278
2253
2282
2202
2273
2277
2287
2281
2290
2282
2347
2278
2277
2293
2279
2296
2288
2358
2281
2281
2296
2293
2297
2297
2289
2292
2293
2285
2290
2304
2290
2288
2295
2295
2297
2290
2293
2299
2293
2288
2289
2295
2308
2296
2305
2306
2289
2302
2301
2306
2305
2308
2297
2298
2309
2310
2310
2307
2312
2309
2297
2301
2255
2307
2299
2304
2317
2319
2302
2314
2255
2302
2310
2320
2316
2314
2310
2315
2309
2324
2314
2312
2325
2309
2327
2273
2327
2327
2312
2324
2312
2323
2312
2325
2317
2322
2321
2318
2324
2325
2319
2334
2292
2330
2338
2322
2322
2331
2335
2328
2333
2321
2336
2335
2338
2324
2330
2254
2323
2341
2329
2324
2331
2342
2297
2345
2331
2336
2331
2328
2330
2378
2345
2343
2349
2342
2449
2400
2345
2334
2338
2351
2346
2350
2287
2335
2341
2340
2299
2342
2343
2341
2342
2357
2358
2354
2355
2343
2360
2360
2356
2347
2351
2360
2362
2346
2354
2347
2345
2359
2354
2348
2359
2275
2363
2354
2362
2359
2350
2332
2370
2447
2403
2440
2341
2353
2360
2363
2370
2372
2373
2361
2373
2359
2363
2360
2367
2370
2378
2378
2367
2372
2371
2374
2369
2372
2380
2366
2378
2381
2383
2383
2371
2370
2376
2382
2371
2371
2379
2369
2378
2387
2385
2379
2387
2381
2380
2375
2380
2375
2377
2391
2397
2379
2386
2394
2386
2380
2491
2379
2389
2390
2398
2389
2382
2395
2382
2398
2390
2397
2387
2398
2402
2388
2386
2400
2399
2398
2397
2387
2401
2396
2391
2395
2396
2398
2393
2403
2388
2391
2401
2404
2404
2410
2364
2414
2409
2401
2407
2401
2395
2414
2408
2406
2338
2401
2414
2409
2408
2415
2403
2404
2419
2410
2417
2408
2406
2412
2415
2407
2415
2417
2413
2424
2425
2409
2423
2425
2422
2422
2505
2421
2361
2430
2417
2416
2419
2412
2432
2426
2391
2420
2433
2332
2428
2418
2331
2419
2430
2420
2436
2422
2423
2428
2430
2428
2426
2423
2431
2437
2433
2434
2424
2429
2443
2434
2432
2448
2443
2436
2433
2430
2443
2448
2432
2416
2448
2448
2446
2445
2508
2439
2433
2433
2443
2450
2444
2450
2438
2453
2452
2439
2456
2444
2429
2454
2444
2444
2458
2455
2445
2444
2446
2454
2458
2449
2461
2447
2461
2451
2462
2454
2447
2451
2457
2452
2449
2459
2467
2464
2463
2461
2452
2448
2461
2453
2469
2465
2461
2472
2458
2465
2474
2472
2466
2386
2460
2457
2471
2464
2521
2462
2464
2479
2545
2462
2390
2464
2464
2480
2478
2464
2476
2480
2466
2484
2479
2468
2477
2480
2475
2514
2550
2479
2473
2472
2470
2475
2490
2474
2472
2475
2486
2493
2487
2488
2481
2586
2477
2494
2479
2437
2492
2427
2485
2491
2497
2488
2494
2483
2485
2550
2489
2493
2498
2492
2443
2491
2485
2497
2493
2499
2504
2497
2424
2504
2506
2493
2499
2499
2500
2494
2491
2496
2494
2496
2503
2512
2494
2554
2513
2502
2509
2515
2509
2511
2506
2510
2501
2505
2510
2504
2502
2504
2517
2502
2511
2567
2512
2517
2512
2510
2594
2512
2523
2521
2510
2525
2613
2522
2522
2521
2509
2520
2523
2456
2516
2520
2524
2530
2514
2519
2519
2517
2524
2530
2518
2533
2561
2533
2520
2521
2518
2519
2526
2532
2526
2520
2537
2536
2530
2526
2536
2523
2537
2600
2541
2528
2529
2529
2527
2529
2543
2544
2528
2546
2624
2535
2530
2549
2544
2531
2541
2587
2543
2536
2534
2548
2537
2569
2541
2547
2553
2496
2543
2556
2637
2544
2540
2545
2554
2551
2552
2548
2560
2543
2547
2550
2550
2557
2501
2558
2557
2494
2557
2512
2558
2562
2560
2555
2561
2560
2566
2559
2556
2559
2556
2556
2571
2572
2564
2568
2557
2571
2566
2556
2565
2567
2570
2576
2568
2563
2561
2578
2574
2541
2568
2579
2574
2580
2550
2574
2570
2579
2576
2576
2559
2566
2566
2577
2569
2567
2569
2580
2588
2569
2587
2614
2585
2579
2587
2580
2591
2583
2591
2574
2580
2590
2593
2575
2580
2576
2585
2590
2597
2582
2580
2584
2590
2582
2582
2582
2600
2593
2583
2596
2588
2594
2587
2600
2586
2596
2593
2594
2600
2606
2496
2589
2597
2594
2593
2599
2605
2608
2593
2606
2605
2595
2598
2605
2607
2607
2595
2599
2605
2609
2606
2613
2599
2610
2615
2602
2602
2602
2609
2628
2605
2616
2609
2605
2611
2614
2622
2605
2614
2615
2607
2611
2612
2597
2626
2614
2626
2616
2612
2610
2628
2629
2623
2561
2612
2627
2622
2616
2626
2630
2618
2620
2623
2632
2634
2635
2633
2620
2635
2630
2638
2638
2630
2629
2625
2632
2627
2635
2637
2626
2635
2629
2634
2636
2633
2634
2644
2624
2635
2640
2628
2637
2637
2631
2648
2639
2637
2642
2636
2636
2635
2671
2643
2645
2647
2649
2650
2654
2589
2644
2646
2655
2650
2648
2635
2647
2653
2725
2649
2658
2645
2642
2643
2644
2709
2651
2662
2651
2648
2654
2651
2654
2661
2664
2663
2666
2651
2700
2667
2650
2658
2670
2656
2667
2661
2661
2672
2671
2657
2666
2656
2674
2668
2745
2661
2662
2667
2668
2661
2661
2663
2666
2668
2676
2679
2680
2674
2666
2674
2672
2628
2670
2672
2676
2668
2676
2684
2679
2672
2670
2686
2674
2684
2683
2687
2671
2678
2673
2699
2618
2682
2692
2690
2674
2693
2680
2679
2677
2688
2695
2694
2686
2694
2696
2691
2680
2689
2684
2697
2700
2699
2682
2691
2702
2702
2693
2689
2692
2687
2669
2693
2702
2694
2697
2694
2693
2699
2645
2698
2706
2705
2705
2705
2698
2707
2707
2695
2700
2709
2728
2703
2697
2715
2702
2667
2716
2717
2712
2701
2710
2710
2709
2706
2716
2703
2661
2713
2722
2715
2753
2715
2655
2722
2721
2739
2720
2712
2718
2709
2728
2720
2709
2718
2727
2713
2725
2718
2718
2726
2713
2731
2715
2730
2635
2716
2732
2727
2743
2725
2734
2724
2736
2735
2729
2735
2724
2722
2731
2736
2722
2816
2740
2737
2726
2725
2732
2727
2741
2726
2742
2740
2740
2747
2745
2742
2748
2732
2735
2731
2716
2734
2745
2737
2734
2746
2739
2738
2750
2740
2740
2744
2739
2752
2753
2745
2786
2741
2812
2754
2755
2740
2755
2758
2751
2757
2761
2762
2754
2745
2746
2752
2750
2756
2752
2751
2756
2752
2807
2755
2756
2754
2750
2761
2832
2766
2757
2753
2763
2768
2760
2760
2758
2763
2764
2770
2771
2713
2757
2777
2759
2772
2763
2760
2762
2768
2765
2769
2763
2775
2772
2693
2747
2764
2773
2781
2769
2778
2766
2773
2774
2772
2778
2782
2772
2774
2770
2789
2784
2773
2778
2787
2787
2779
2773
2792
2781
2779
2789
2778
2788
2784
2790
2789
2787
2787
2790
2789
2788
2784
2780
2789
2785
2798
2787
2801
2792
2785
2784
2800
2785
2788
2796
2758
2803
2804
2801
2791
2792
2804
2798
2809
2808
2802
2723
2793
2800
2799
2806
2795
2813
2795
2799
2798
2812
2803
2813
2819
2810
2802
2806
2815
2806
2811
2808
2810
2819
2817
2807
2812
2865
2817
2805
2813
2860
2837
2808
2821
2816
2821
2822
2821
2753
2814
2822
2811
2810
2814
2829
2824
2819
2829
2830
2826
2880
2824
2815
2815
2828
2817
2918
2835
2819
2830
2828
2820
2826
2835
2835
2830
2823
2822
2835
2828
2825
2835
2829
2836
2844
2835
2842
2835
2834
2840
2832
2844
2839
2829
2846
2840
2846
2838
2848
2848
2844
2851
2850
2851
2837
2836
2840
2853
2844
2797
2840
2849
2843
2845
2842
2856
2849
2846
2853
2852
2843
2842
2849
2842
2853
2849
2860
2851
2858
2849
2846
2854
2857
2863
2859
2854
2765
2866
2864
2862
2856
2851
2866
2862
2870
2865
2814
2926
2855
2854
2828
2856
2862
2856
2857
2870
2867
2858
2859
2859
2860
2973
2875
2866
2867
2877
2934
2876
2865
2880
2875
2865
2877
2790
2884
2869
2873
2866
2878
2881
2883
2885
2872
2830
2870
2886
2972
2974
2877
2877
2889
2881
2879
2893
2889
2877
2889
2894
2877
2876
2895
2884
2886
2880
2889
2886
2888
2899
2894
2898
2887
2898
2892
2889
2896
2901
2901
2893
2902
2890
2897
2946
2901
2887
2905
2899
2902
2899
2904
2883
2900
2908
2900
2896
2897
2898
2908
2900
2910
2908
2904
2909
2910
2898
2897
2904
2914
2903
2846
2908
2914
2905
2917
2918
2914
2921
2917
2916
2870
2918
2912
2907
2908
2910
2919
2917
2916
2910
2926
2914
2924
2912
2842
2921
2920
2930
2922
2828
2925
2924
2932
2920
2918
2924
2927
2933
3016
2931
2918
2930
2920
2930
2936
2933
2938
2922
2938
2842
2937
3003
2862
2926
2932
2927
2936
2933
2928
2940
2943
2935
2945
2946
2942
2942
2934
2941
2954
2937
2932
2930
2944
2943
2942
2938
2943
2938
2938
2938
2949
2947
2944
2954
2937
2939
2944
2954
2946
2944
2945
2922
2947
2956
2919
2948
2961
2954
2946
2954
2950
2958
2963
2945
2947
2955
2962
2952
2951
2861
2951
2964
2950
2953
2969
2967
2952
2956
2956
2967
2964
2967
2961
2957
2955
2950
2959
2965
2963
2964
2972
2969
2962
2907
2978
2971
2968
2976
2968
2968
2978
2973
2967
2970
2971
2974
2983
2933
2969
2965
2982
2974
2970
2983
2928
2968
2987
2970
2988
2986
2921
2976
2983
2986
2950
2997
2976
2975
2985
2984
2981
2975
2999
2980
2980
2977
2982
2994
2980
2983
2982
2988
2994
2984
3000
2984
2986
3000
2997
2996
3002
2987
3004
3003
2991
2995
2918
3001
3006
2990
2995
3063
3007
2994
2999
2996
3009
3086
2997
3007
2996
3012
2997
2997
3010
3006
3007
3000
3000
3008
3013
3015
3002
3004
2968
3003
3015
3073
3015
3001
3016
3016
3010
3007
3018
3011
3020
3065
3006
3024
3020
3072
2967
3015
3027
3009
3009
3026
3087
3016
3027
3011
2942
3024
3015
3032
3020
2960
3022
3033
3022
3021
3033
3023
3034
3039
3036
3029
3024
3022
3020
3032
3037
3093
3031
3033
3037
3030
3026
3029
3028
3036
3040
3041
2965
3042
3034
2949
3037
3091
3038
3032
3039
3036
3031
3031
3030
3033
3040
3041
3048
3050
3034
3087
3037
3039
3037
3049
3043
3038
3041
3049
3042
3051
3050
3053
3049
3053
3058
3049
3044
3058
3055
3063
3053
3047
3052
3058
3051
3063
3006
3054
3059
3055
3054
2980
3066
3141
3062
3070
3066
3062
3100
3071
3056
3025
3059
3067
3058
3060
3061
3070
3060
3063
3072
3066
3065
3062
3070
3067
3077
3076
3075
3162
3073
3072
3070
3069
3079
3067
3075
3074
3077
3078
3074
3086
3068
3077
3086
3083
3073
3073
3089
3089
3089
3088
3076
3080
3078
3075
3080
3085
3082
3073
3083
3089
3132
3084
3090
3085
3085
3098
3180
3083
3092
3091
3088
3088
3156
3101
3091
3086
3101
3130
3104
3086
3087
3100
3092
3092
3103
3101
3101
3089
3091
3100
3179
3100
3094
3096
3150
3102
3095
3096
3108
3108
3106
3104
3178
3109
3112
3114
3098
3029
3062
3116
3165
3109
3103
3107
3111
3110
3121
3121
3110
3112
3112
3121
3122
3117
3118
3120
3116
3116
3114
3109
3116
3117
3119
3121
3120
3117
3120
3119
3120
3116
3197
3126
3128
3116
3128
3122
3099
3135
3116
3118
3041
3124
3137
3120
3127
3126
3127
3135
3136
3131
3137
3155
3110
3141
3133
3130
3140
3133
3134
3134
3136
3127
3139
3130
3133
3138
3140
3130
3141
3145
3135
3145
3136
3145
3140
3138
3138
3136
3153
3153
3139
3149
3138
3138
3228
3137
3151
3138
3146
3157
3159
3159
3146
3147
3144
3143
3152
3161
3146
3158
3148
3151
3149
3156
3147
3158
3109
3148
3164
3148
3153
3163
3158
3153
3154
3167
3111
3169
3161
3172
3155
3168
3165
3159
3157
3168
3171
3163
3168
3171
3168
3164
3166
3178
3163
3167
3160
3163
3161
3180
3179
3164
3165
3253
3169
3177
3176
3169
3184
3184
3174
3186
3176
3175
3181
3174
3174
3170
3180
3277
3171
3174
3179
3182
3104
3173
3184
3175
3189
3178
3180
3190
3258
3185
3182
3194
3184
3196
3180
3142
3189
3197
3200
3195
3278
3197
3187
3199
3191
3192
3201
3189
3190
3190
3198
3193
3187
3133
3189
3166
3192
3206
3200
3199
3207
3202
3205
3204
3207
3195
3204
3205
3214
3210
3201
3209
3206
3202
3211
3178
3213
3210
3209
3163
3213
3218
3213
3205
3212
3215
3212
3220
3206
3210
3205
3118
3220
3206
3215
3214
3207
3217
3297
3122
3215
3221
3228
3220
3197
3215
3222
3231
3232
3279
3218
3222
3222
3227
3223
3217
3223
3224
3227
3159
3224
3323
3236
3222
3239
3239
3222
3237
3226
3236
3234
3225
3226
3236
3232
3236
3238
3245
3242
3233
3235
3237
3235
3240
3242
3230
3237
3243
3244
3246
3249
3148
3251
3235
3237
3250
3246
3237
3248
3241
3250
3254
3239
3247
3252
3250
3251
3244
3248
3240
3247
3248
3251
3254
3318
3252
3260
3248
3251
3260
3251
3247
3254
3248
3212
3247
3252
3259
3266
3263
3265
3253
3250
3259
3288
3265
3254
3255
3259
3322
3269
3257
3304
3262
3165
3266
3275
3264
3270
3273
3271
3274
3273
3266
3263
3187
3261
3264
3270
3264
3266
3274
3266
3270
3272
3328
3276
3268
3272
3267
3272
3272
3281
3282
3280
3271
3277
3285
3281
3295
3288
3280
3278
3184
3276
3276
3293
3282
3284
3288
3291
3282
3205
3296
3390
3285
3283
3290
3288
3284
3284
3291
3292
3298
3285
3291
3214
3294
3294
3287
3292
3288
3295
3298
3288
3293
3292
3299
3302
3292
3306
3293
3299
3294
3311
3311
3294
3308
3302
3294
3298
3222
3303
3312
3308
3413
3316
3300
3316
3305
3310
3317
3307
3307
3307
3316
3302
3304
3322
3309
3309
3244
3319
3312
3313
3306
3310
3308
3307
3313
3311
3318
3310
3314
3311
3409
3316
3330
3316
3321
3324
3323
3325
3312
3332
3315
3318
3325
3316
3330
3333
3323
3324
3321
3335
3333
3338
3320
3332
3323
3338
3322
3322
3324
3332
3329
3339
3340
3328
3330
3342
3339
3335
3335
3335
3330
3342
3339
3338
3348
3347
3343
3340
3333
3347
3348
3337
3341
3351
3353
3337
3345
3342
3339
3351
3356
3355
3357
3344
3353
3341
3357
3354
3346
3343
3348
3399
3351
3401
3357
3362
3355
3362
3350
3357
3348
3361
3358
3352
3357
3349
3352
3354
3365
3365
3355
3368
3368
3356
3362
3354
3354
3364
3361
3353
3358
3374
3312
3262
3450
3364
3368
3368
3368
3366
3373
3361
3377
3369
3375
3414
3381
3363
3363
3372
3371
3368
3450
3382
3377
3381
3371
3382
3375
3381
3388
3381
3377
3389
3375
3375
3380
3382
3373
3385
3384
3375
3380
3388
3415
3381
3394
3393
3381
3395
3391
3379
3394
3388
3389
3398
3380
3386
3400
3398
3386
3398
3387
3402
3392
3392
3397
3387
3403
3399
3388
3398
3395
3405
3399
3390
3402
3392
3397
3402
3410
3400
3401
3402
3393
3409
3376
3410
3395
3407
3426
3413
3405
3399
3408
3416
3414
3371
3325
3403
3400
3417
3402
3418
3413
3412
3419
3415
3412
3417
3424
3421
3409
3417
3406
3418
3422
3413
3485
3424
3412
3427
3417
3338
3424
3426
3334
3422
3421
3425
3422
3385
3421
3428
3432
3426
3426
3427
3431
3431
3434
3434
3431
3428
3422
3429
3433
3439
3427
3423
3431
3433
3454
3425
3425
3428
3437
3440
3442
3429
3436
3438
3446
3448
3441
3407
3440
3444
3436
3443
3463
3437
3433
3433
3436
3435
3436
3486
3420
3446
3439
3343
3443
3438
3456
3440
3455
3502
3497
3441
3453
3455
3447
3443
3458
3458
3443
3460
3458
3446
3447
3465
3451
3456
3452
3456
3450
3457
3455
3453
3458
3459
3452
3456
3455
3502
3464
3472
3465
3464
3464
3493
3474
3464
3473
3470
3476
3460
3458
3467
3465
3478
3468
3465
3466
3474
3478
3476
3472
3477
3527
3483
3481
3478
3465
3424
3470
3467
3472
3474
3484
3472
3532
3483
3481
3486
3474
3502
3487
3485
3513
3486
3481
3490
3477
3491
3486
3482
3486
3477
3495
3480
3497
3479
3491
3495
3425
3485
3488
3490
3494
3489
3489
3496
3489
3495
3488
3494
3449
3489
3496
3497
3497
3488
3489
3501
3523
3592
3505
3491
3494
3497
3508
3502
3496
3440
3494
3497
3508
3511
3512
3495
3501
3497
3498
3501
3500
3514
3512
3504
3506
3510
3507
3510
3517
3503
3506
3509
3520
3521
3548
3515
3505
3505
3464
3520
3514
3520
3515
3515
3527
3524
3528
3540
3512
3523
3519
3526
3529
3428
3515
3522
3532
3527
3516
3517
3516
3531
3608
3531
3534
3519
3518
3536
3530
3531
3539
3533
3534
3534
3577
3533
3529
3612
3535
3530
3529
3532
3543
3542
3536
3536
3528
3530
3489
3534
3545
3539
3543
3547
3614
3540
3550
3538
3551
3544
3542
3535
3538
3552
3545
3469
3614
3536
3547
3538
3556
3539
3545
3551
3541
3554
3548
3550
3646
3554
3551
3552
3552
3553
3559
3558
3557
3554
3557
3550
3550
3550
3617
3555
3565
3567
3562
3555
3556
3555
3559
3488
3566
3553
3570
3568
3494
3558
3564
3556
3574
3570
3557
3559
3462
3565
3561
3562
3565
3567
3579
3564
3572
3563
3580
3516
3544
3570
3581
3569
3569
3579
3682
3578
3571
3576
3580
3576
3522
3575
3577
3580
3571
3579
3581
3582
3573
3584
3572
3579
3581
3589
3584
3593
3592
3595
3588
3586
3580
3581
3588
3583
3592
3581
3583
3600
3581
3582
3597
3594
3593
3597
3590
3585
3591
3590
3600
3589
3601
3518
3592
3591
3592
3600
3606
3593
3593
3602
3690
3606
3596
3602
3606
3606
3604
3597
3600
3609
3609
3612
3605
3606
3608
3609
3600
3615
3522
3612
3610
3588
3557
3618
3695
3617
3608
3618
3613
3606
3605
3613
3611
3623
3618
3613
3624
3568
3609
3622
3622
3614
3568
3615
3614
3619
3628
3630
3532
3614
3620
3614
3627
3628
3622
3625
3624
3620
3629
3630
3628
3624
3631
3619
3629
3623
3623
3638
3623
3629
3634
3639
3642
3632
3551
3644
3644
3643
3640
3644
3638
3712
3634
3636
3641
3643
3682
3640
3646
3648
3638
3635
3634
3633
3639
3644
3634
3652
3638
3644
3642
3655
3642
3649
3652
3654
3655
3656
3656
3644
3647
3646
3645
3651
3659
3646
3661
3663
3651
3664
3646
3660
3744
3662
3651
3657
3652
3655
3751
3649
3654
3654
3661
3655
3655
3664
3655
3656
3655
3660
3664
3669
3656
3670
3670
3692
3662
3673
3669
3664
3575
3677
3660
3663
3672
3673
3665
3665
3669
3680
3667
3663
3664
3682
3677
3584
3669
3680
3676
3684
3597
3676
3669
3681
3672
3610
3638
3683
3690
3584
3683
3662
3690
3604
3679
3692
3691
3675
3686
3681
3676
3680
3685
3685
3691
3768
3695
3696
3684
3684
3698
3697
3684
3690
3683
3697
3702
3685
3700
3687
3687
3697
3704
3706
3690
3612
3693
3691
3700
3690
3708
3691
3695
3699
3710
3706
3698
3702
3696
3709
3706
3703
3708
3708
3715
3701
3698
3701
3707
3712
3710
3703
3711
3746
3716
3708
3705
3705
3717
3714
3706
3713
3666
3706
3721
3716
3710
3717
3722
3724
3720
3712
3722
3724
3725
3712
3719
3726
3713
3723
3731
3725
3714
3725
3714
3730
3728
3730
3723
3720
3718
3717
3725
3734
3734
3733
3725
3733
3732
3733
3722
3731
3725
3731
3727
3735
3738
3743
3740
3740
3742
3740
3746
3727
3738
3736
3733
3742
3734
3749
3748
3734
3740
3737
3749
3744
3749
3739
3749
3738
3789
3753
3755
3745
3738
3748
3756
3744
3740
3755
3744
3836
3748
3745
3759
3736
3760
3748
3752
3758
3760
3744
3762
3763
3759
3753
3753
3763
3759
3753
3715
3756
3754
3757
3755
3760
3754
3753
3763
3758
3758
3769
3760
3758
3761
3765
3763
3766
3768
3764
3778
3761
3763
3777
3733
3778
3777
3698
3768
3780
3769
3781
3748
3771
3771
3780
3769
3860
3772
3767
3769
3777
3772
3779
3796
3785
3777
3787
3787
3786
3790
3771
3772
3773
3792
3776
3785
3791
3790
3791
3782
3781
3776
3794
3788
3784
3778
3790
3779
3788
3782
3781
3793
3798
3801
3783
3802
3850
3791
3794
3802
3795
3803
3793
3793
3796
3789
3803
3806
3794
3808
3808
3792
3792
3801
3803
3809
3796
3804
3807
3825
3811
3803
3797
3799
3809
3842
3813
3812
3804
3804
3800
3816
3767
3809
3800
3818
3803
3815
3802
3807
3822
3817
3814
3812
3807
3818
3825
3814
3814
3822
3813
3820
3810
3823
3811
3719
3825
3822
3758
3828
3769
3813
3820
3812
3814
3824
3815
3825
3830
3835
3828
3821
3834
3832
3832
3835
3828
3826
3821
3872
3825
3832
3825
3822
3828
3830
3830
3839
3834
3825
3825
3834
3835
3838
3844
3740
3842
3844
3844
3834
3848
3839
3834
3841
3847
3844
3836
3835
3846
3837
3845
3836
3779
3851
3841
3856
3848
3855
3851
3849
3840
3857
3856
3843
3857
3849
3851
3856
3852
3852
3858
3854
3852
3861
3855
3850
3849
3865
3849
3857
3848
3867
3857
3855
3859
3856
3866
3854
3864
3856
3862
3871
3867
3860
3873
3860
3860
3862
3875
3863
3858
3880
3864
3877
3874
3859
3862
3874
3862
3879
3875
3864
3871
3863
3877
3873
3869
3871
3881
3872
3873
3869
3871
3869
3967
3878
3884
3879
3936
3962
3883
3943
3889
3882
3877
3889
3882
3890
3883
3886
3893
3885
3892
3893
3889
3884
3888
3897
3884
3892
3883
3896
3948
3830
3892
3888
3888
3894
3885
3896
3897
3893
3903
3903
3890
3899
3905
3897
3894
3903
3891
3903
3814
3890
3897
3898
3906
3903
3907
3905
3945
3912
3904
3914
3902
3912
3902
3910
3990
3914
3904
3902
3901
3899
3911
3912
3906
3916
3911
3912
3918
3924
3959
3915
3916
3914
3912
3924
3914
3925
3920
3912
3926
3927
3914
3914
3909
3918
3922
3928
3930
3920
3916
3917
3830
3928
3922
3886
3922
3932
3901
3918
3920
3931
3929
3918
3935
3924
3938
3923
3930
3926
3936
3930
3934
3908
3932
3923
3940
3932
3991
3925
3940
3936
3943
3943
4019
3936
3934
3945
3932
3929
3943
3944
3932
3944
3947
3940
3938
3949
3933
3942
3952
3948
3935
3943
3950
3955
3937
3939
3953
3879
4017
3947
3959
3945
3943
3951
3952
3958
3952
3946
3948
3950
3958
3955
3951
3963
3954
3955
3961
3958
3967
3952
3955
3961
3959
3957
3968
3956
3960
3970
3954
3960
3966
3954
3968
3971
3974
3963
3960
3961
3968
3959
3973
3966
3961
3966
3968
3971
3971
3974
3971
3967
3970
3968
3968
3970
3975
3967
3976
4013
4035
3978
3982
3985
3935
3970
3970
3981
3981
3971
3972
3987
3984
3991
4004
3981
3982
3991
3971
3977
3981
3984
3978
3994
3988
3990
3996
3993
3980
3998
3986
3992
3989
3998
3985
3987
3986
3986
3999
3993
3999
3993
3999
3996
3988
3992
3996
4006
3999
4000
3995
3995
4035
3934
4007
3991
4003
4000
4011
3992
4005
4011
3996
4010
4103
3995
4008
3998
4009
4005
4015
4013
4003
4005
4016
4006
4013
4017
4013
4004
4005
4018
4003
4003
4011
4009
4016
4019
4008
4023
3927
4011
4018
4009
4021
4023
4011
3953
4018
4012
4020
4021
4100
4017
4072
4029
4016
4033
4017
4028
4021
4023
4037
4036
4026
4025
4025
4037
4031
4024
4032
4031
4036
4028
4041
4025
4038
4042
4029
4040
4030
4036
4033
4042
4026
4037
4034
4040
4043
4044
4031
4048
4032
4044
4044
4038
4038
4033
4032
4050
4045
4036
4048
4037
4044
4038
4040
4045
4043
4047
4054
4043
4045
4055
4047
4053
4054
4055
4055
4056
4047
4055
4047
4047
4055
4059
4052
4061
4063
4011
4050
4051
4065
4053
4064
4064
4064
4061
4050
4065
4067
4060
4070
4064
4065
4070
4068
4055
4062
4062
4073
4072
4075
4069
4062
4074
4070
4068
4159
4078
4062
4079
4073
4066
4075
4074
4063
4076
4068
4078
4066
3978
4076
4066
4086
4077
4074
4085
4076
4073
4086
4072
4071
4080
4083
4088
4084
4161
4088
4073
4074
4042
4088
4091
4091
4085
4080
4078
4096
4085
4097
4089
4096
4091
4098
4084
4085
4098
4085
4100
4102
4101
4097
4084
4103
4100
4098
4086
4094
4094
4106
4088
4103
4103
4098
4102
4090
4096
4097
4104
4093
4110
4132
4099
4103
4103
4002
4106
4096
4115
4103
4107
4099
4109
4099
4099
4108
4099
4106
4112
4111
4106
4116
4110
4117
4115
4108
4110
4108
4122
4119
4114
4114
4124
4126
4117
4123
4111
4123
4126
4124
4129
4113
4184
4029
4130
4126
4123
4127
4129
4120
4117
4125
4120
4120
4124
4131
4120
4134
4122
4137
4125
4127
4137
4138
4134
4224
4133
4136
4130
4141
4127
4134
4130
4136
4126
4126
4185
4127
4142
4128
4173
4142
4141
4131
4147
4150
4134
4161
4144
4150
4134
4139
4144
4148
4146
4153
4154
4152
4152
4156
4146
4139
4149
4140
4157
4154
4157
4122
4042
4148
4147
4143
4147
4143
4121
4154
4156
4156
4158
4156
4153
4150
4155
4163
4163
4096
4151
4162
4162
4153
4160
4159
4158
4160
4156
4162
4153
4169
4164
4158
4170
4167
4160
4176
4127
4164
4175
4172
4160
4165
4166
4164
4165
4176
4178
4181
4171
4164
4169
4173
4167
4167
4238
4170
4180
4158
4176
4171
4097
4182
4176
4184
4184
4171
4182
4188
4184
4187
4187
4187
4246
4176
4178
4182
4182
4184
4206
4204
4187
4108
4197
4188
4182
4179
4099
4185
4161
4190
4181
4184
4191
4197
4193
4203
4187
4186
4188
4199
4190
4192
4196
4200
4200
4189
4190
4191
4189
4197
4204
4203
4202
4210
4196
4195
4206
4196
4196
4204
4212
4205
4213
4198
4197
4210
4208
4206
4214
4210
4202
4211
4204
4211
4209
4203
4221
4218
4212
4219
4210
4216
4223
4223
4223
4224
4224
4209
4210
4227
4216
4218
4221
4220
4222
4273
4230
4226
4228
4217
4228
4229
4227
4229
4222
4226
4227
4219
4224
4188
4189
4236
4236
4225
4225
4233
4232
4234
4240
4236
4226
4238
4227
4235
4233
4225
4230
4234
4275
4234
4244
4246
4245
4240
4242
4231
4261
4238
4237
4340
4240
4239
4234
4235
4250
4239
4240
4251
4239
4235
4250
4255
4246
4254
4244
4248
4251
4248
4242
4248
4251
4241
4260
4277
4243
4243
4251
4254
4253
4258
4248
4248
4257
4233
4264
4259
4266
4264
4266
4261
4256
4260
4250
4264
4270
4264
4257
4268
4268
4263
4253
4256
4262
4315
4259
4235
4272
4268
4304
4259
4338
4262
4265
4268
4264
4276
4264
4280
4276
4265
4264
4277
4273
4269
4279
4278
4280
4270
4285
4280
4282
4285
4279
4272
4278
4360
4284
4281
4353
4283
4287
4285
4280
4291
4291
4291
4293
4286
4282
4279
4216
4288
4278
4291
4291
4294
4291
4305
4284
4353
4288
4293
4300
4285
4285
4297
4298
4284
4290
4233
4198
4291
4294
4301
4292
4303
4302
4295
4303
4292
4301
4300
4297
4291
4309
4315
4307
4310
4298
4303
4300
4304
4305
4295
4304
4305
4314
4315
4315
4299
4382
4311
4306
4318
4303
4364
4377
4312
4303
4316
4305
4318
4304
4313
4377
4316
4316
4316
4414
4311
4325
4310
4325
4317
4309
4311
4323
4324
4326
4316
4321
4317
4330
4304
4319
4329
4318
4360
4326
4227
4316
4320
4324
4370
4331
4328
4322
4328
4334
4339
4321
4330
4328
4390
4332
4331
4328
4338
4336
4332
4235
4340
4328
4332
4328
4329
4347
4342
4329
4347
4346
4425
4349
4345
4334
4344
4350
4341
4344
4352
4347
4347
4338
4299
4348
4346
4343
4354
4354
4356
4346
4350
4355
4357
4352
4344
4343
4357
4356
4356
4355
4353
4346
4356
4357
4360
4346
4352
4348
4354
4361
4361
4360
4354
4352
4361
4355
4367
4353
4365
4362
4362
4354
4370
4359
4373
4431
4372
4373
4373
4362
4361
4370
4365
4359
4368
4371
4363
4368
4371
4367
4408
4379
4364
4365
4378
4367
4368
4365
4369
4373
4378
4460
4379
4385
4370
4370
4383
4369
4381
4380
4385
4390
4389
4391
4375
4392
4406
4374
4379
4382
4392
4450
4289
4390
4380
4384
4390
4424
4391
4384
4388
4395
4392
4398
4398
4395
4386
4388
4401
4392
4400
4391
4404
4391
4401
4401
4402
4459
4460
4393
4403
4390
4391
4409
4405
4407
4398
4402
4405
4371
4412
4402
4401
4409
4401
4404
4404
4398
4401
4402
4398
4413
4406
4410
4417
4404
4404
4414
4401
4420
4410
4418
4436
4419
4405
4417
4414
4412
4421
4414
4416
4426
4412
4364
4419
4410
4412
4426
4429
4417
4427
4431
4420
4432
4421
4417
4424
4427
4431
4431
4431
4426
4427
4424
4428
4433
4420
4432
4419
4435
4422
4438
4433
4437
4473
4432
4474
4428
4426
4431
4440
4433
4433
4432
4486
4433
4428
4510
4442
4439
4430
4440
4443
4440
4444
4434
4451
4448
4438
4450
4438
4449
4442
4406
4440
4440
4442
4439
4438
4444
4440
4457
4355
4447
4452
4447
4445
4452
4460
4453
4449
4453
4461
4459
4460
4457
4460
4451
4464
4465
4460
4459
4466
4461
4453
4461
4469
4469
4457
4458
4465
4460
4468
4455
4468
4458
4458
4467
4457
4463
4469
4379
4473
4464
4467
4476
4534
4462
4463
4479
4477
4479
4472
4465
4467
4471
4474
4470
4466
4482
4482
4484
4522
4481
4485
4478
4482
4483
4473
4479
4472
4474
4486
4480
4429
4491
4474
4489
4485
4482
4483
4485
4477
4479
4480
4490
4490
4478
4497
4488
4483
4496
4491
4493
4500
4492
4482
4495
4495
4496
4507
4486
4496
4491
4487
4490
4489
4498
4505
4499
4495
4501
4505
4427
4490
4505
4508
4496
4492
4493
4498
4512
4510
4481
4509
4495
