379
363
319
370
59
747
937
768
468
317
491
59
397
17
364
885
200
81
42
587
369
721
488
160
782
195
510
616
54
409
622
883
460
703
703
531
147
324
53
4
886
971
217
47
73
16
14
525
437
454
235
490
44
531
740
658
874
158
587
864
236
320
713
58
694
607
598
694
314
833
737
875
27
38
701
398
503
441
87
766
180
984
179
600
174
132
838
928
962
44
656
988
736
189
768
565
257
158
352
465
417
320
211
604
717
359
462
6
830
342
154
433
70
821
683
251
141
113
884
562
769
670
731
269
176
748
139
837
269
135
140
344
89
622
348
859
773
574
882
814
669
832
97
620
889
223
918
914
506
517
424
144
274
789
696
747
588
942
427
968
220
625
736
695
201
810
343
448
473
823
477
566
230
69
892
936
573
111
379
953
830
224
331
752
711
995
69
299
926
601
271
831
147
913
594
44
95
402
419
79
879
470
441
682
39
857
914
205
896
759
173
477
562
474
138
995
293
983
983
205
740
44
521
872
552
646
419
316
475
848
840
170
692
300
73
360
783
648
713
853
81
864
402
167
427
793
268
673
775
598
750
111
418
213
339
835
948
568
130
392
438
597
729
48
918
2
785
261
400
778
211
644
270
130
123
875
641
353
444
758
377
746
541
877
97
728
752
478
960
238
411
214
518
321
415
484
134
354
248
424
8
6
272
997
386
105
841
288
89
463
193
595
124
371
14
692
55
852
950
189
250
306
301
162
366
997
126
948
714
639
740
287
105
20
750
371
473
544
490
992
887
464
389
497
45
816
90
147
307
723
428
282
404
58
174
701
705
110
630
389
979
893
573
449
722
905
490
104
620
643
218
511
362
958
302
786
917
803
116
550
906
979
641
991
211
458
883
46
845
48
665
363
914
101
12
993
890
939
774
139
326
986
526
664
505
917
919
445
756
387
784
902
993
80
482
0
251
582
238
263
22
443
258
572
977
854
597
260
945
308
896
977
29
976
224
919
452
976
485
294
538
437
289
458
263
763
369
834
618
11
741
307
701
510
117
882
728
953
686
650
319
659
500
447
491
807
872
17
855
562
547
274
96
944
724
585
154
799
308
214
484
763
641
934
566
588
276
518
859
341
191
499
290
835
974
879
937
842
966
456
890
352
978
55
463
467
210
756
785
532
728
928
644
471
165
556
17
566
881
902
531
354
158
513
371
48
984
261
970
845
647
312
833
852
324
132
785
585
470
99
377
519
732
326
613
262
854
819
669
417
862
371
961
63
925
535
194
464
684
415
482
949
786
940
884
415
95
792
146
33
771
431
95
781
525
12
621
831
900
108
194
165
592
552
982
276
351
769
927
789
937
320
901
55
617
428
732
792
442
197
167
61
672
635
645
430
275
179
538
913
914
363
563
575
220
317
357
233
957
607
64
325
864
357
96
450
529
40
164
97
279
829
389
702
941
132
492
956
907
551
1
171
231
14
875
574
756
325
834
299
70
498
835
834
133
842
197
314
538
194
901
234
15
441
633
85
974
861
634
88
824
400
326
405
606
893
93
850
482
522
693
204
206
864
26
780
993
555
569
98
935
178
417
712
650
766
156
790
380
789
600
895
690
746
475
669
172
429
227
239
748
346
832
16
500
696
28
150
414
853
91
418
292
536
152
646
983
613
754
840
737
303
469
692
922
798
513
460
389
356
607
564
327
329
350
588
346
401
211
954
738
5
375
527
698
181
602
154
593
829
686
559
675
387
502
445
877
139
93
702
182
567
761
57
245
527
91
962
185
563
299
581
402
800
101
732
927
941
994
741
195
359
867
560
670
48
888
940
827
904
711
207
307
509
771
171
243
318
282
171
89
640
968
29
529
104
157
874
285
770
518
935
145
352
506
823
700
200
387
196
638
150
135
281
851
92
274
892
28
930
488
609
659
822
651
555
390
837
31
565
891
13
654
57
386
776
61
954
2
947
470
43
930
85
533
939
505
687
177
436
830
264
845
355
282
908
276
322
700
951
432
862
169
822
304
624
496
77
894
75
30
319
889
81
459
445
678
573
289
712
50
703
659
594
734
627
168
299
775
477
500
739
253
51
515
608
873
108
780
908
443
427
793
102
405
511
374
764
896
836
230
702
33
988
901
729
202
575
87
677
456
196
302
416
575
291
65
838
566
851
571
569
792
380
269
622
910
557
188
223
252
403
403
938
247
797
706
265
150
785
405
297
21
103
452
246
124
376
527
113
445
536
198
44
265
661
909
652
718
278
819
645
386
863
424
52
793
364
169
777
585
800
688
780
446
274
548
689
927
23
498
533
30
75
778
716
204
358
673
586
888
53
546
871
966
760
911
157
678
399
452
760
207
750
528
645
847
418
598
991
112
220
725
695
780
286
614
311
85
708
848
435
691
582
888
532
253
816
813
685
362
390
11
527
570
737
325
280
546
132
868
786
759
682
473
668
328
851
91
680
145
600
72
970
551
17
69
625
861
996
391
31
604
912
628
722
209
197
124
42
960
334
764
952
839
62
675
8
109
220
203
402
724
133
540
762
317
40
976
553
668
700
419
550
741
837
181
847
53
750
458
131
726
49
719
811
835
120
130
489
342
60
515
640
792
989
306
470
372
865
405
168
220
571
374
260
914
214
210
2
880
828
955
358
761
72
676
675
414
729
927
196
910
487
211
607
184
778
757
751
530
710
474
187
345
290
910
154
674
458
896
620
909
128
608
513
105
157
878
720
313
630
56
642
938
208
258
732
360
766
76
135
456
459
471
169
353
767
13
471
161
521
0
955
832
306
286
782
878
697
502
27
900
37
438
899
653
831
249
136
32
178
794
908
382
760
163
450
656
438
160
338
144
407
558
791
629
101
810
631
922
475
853
662
263
48
235
419
20
572
515
521
517
876
438
983
727
92
572
72
143
835
126
440
537
164
883
493
479
647
270
552
21
617
214
556
324
131
645
333
525
744
430
83
923
638
820
267
968
575
63
537
528
737
488
86
349
413
125
99
165
742
940
372
302
963
499
900
661
882
659
596
446
239
547
398
405
42
517
898
343
615
524
903
583
732
23
284
128
128
207
910
5
546
167
782
803
57
781
959
139
920
605
86
915
467
90
289
190
90
680
307
896
227
755
550
217
36
789
569
939
215
771
533
674
749
590
900
71
764
594
348
260
557
758
423
9
438
988
115
641
734
93
38
448
900
13
777
790
617
565
767
268
212
19
923
149
72
411
166
876
190
218
425
495
332
46
339
468
332
540
779
48
673
928
205
121
732
85
774
735
813
109
454
199
827
79
48
537
835
274
936
26
821
239
451
516
667
543
115
853
673
308
458
76
785
719
594
284
814
802
416
987
636
430
63
80
764
226
667
252
998
802
633
58
603
752
226
434
476
689
453
188
969
921
61
504
651
377
414
108
485
763
722
32
857
949
389
390
175
370
752
441
875
863
854
871
675
400
472
32
492
160
807
125
348
227
17
715
369
558
428
386
812
559
767
234
79
600
200
654
363
835
258
105
937
11
313
106
66
189
829
251
904
381
615
324
956
597
684
629
932
674
21
616
942
365
629
316
95
619
792
74
199
818
669
657
902
701
188
336
914
911
648
179
729
177
482
430
943
443
278
481
916
571
721
689
814
641
163
571
382
996
10
446
397
755
51
85
712
958
422
254
409
347
714
21
25
842
887
764
883
198
372
652
341
311
157
628
96
980
842
260
537
616
954
918
900
201
782
973
126
396
718
985
20
23
72
569
856
700
663
972
753
399
688
183
624
358
105
86
597
422
989
731
115
161
716
792
393
796
120
823
59
913
637
487
480
386
631
317
238
588
772
395
316
870
507
138
928
770
293
542
96
696
376
703
407
986
870
859
307
279
176
59
579
840
912
840
761
201
703
237
726
788
847
9
650
593
415
244
654
578
864
622
502
578
726
363
537
934
79
493
516
771
10
959
412
712
815
475
958
666
376
727
67
56
815
308
849
366
52
814
571
625
205
729
414
553
556
1
113
548
302
827
121
210
720
954
778
887
597
937
777
939
285
987
201
137
554
446
762
418
514
171
881
265
922
891
566
280
544
858
156
814
362
410
364
548
605
857
336
861
530
961
769
115
37
631
339
218
527
277
998
110
238
695
34
131
946
856
288
829
387
497
342
738
781
962
577
875
623
652
531
697
110
901
887
552
401
766
228
290
551
348
753
267
859
46
576
666
375
232
602
749
568
506
473
33
619
30
333
74
53
464
594
874
746
301
0
337
807
481
729
180
628
997
277
39
743
75
879
735
386
911
499
390
50
781
129
603
427
854
933
371
432
153
237
87
753
879
520
558
46
238
859
894
502
422
121
571
228
434
290
543
151
598
688
142
964
203
823
964
171
396
909
952
548
358
747
474
759
190
286
863
554
320
689
147
51
605
887
628
660
557
374
993
564
389
220
834
464
95
123
549
55
556
386
649
329
906
345
144
674
646
811
38
147
426
989
831
909
541
90
358
315
195
303
614
22
916
388
159
138
913
10
664
67
736
807
998
933
39
817
144
260
743
954
13
746
336
845
138
400
388
924
923
4
764
233
860
252
772
627
413
518
186
6
760
636
146
970
411
618
990
897
869
723
946
98
572
241
290
867
686
70
250
758
749
989
86
660
302
503
947
745
160
412
404
625
74
736
193
376
599
365
434
519
409
491
55
199
57
666
660
619
962
905
941
343
268
427
257
771
549
486
667
907
670
245
736
457
319
320
24
836
47
913
267
320
635
730
349
257
933
887
602
636
842
328
783
255
471
61
357
646
479
422
826
113
697
526
848
164
754
598
880
737
642
824
571
48
637
620
707
537
78
999
837
662
883
31
65
342
461
481
985
257
963
377
356
625
86
154
623
108
881
184
503
335
6
865
993
17
756
734
618
851
353
819
568
479
585
164
230
665
461
505
702
273
612
622
773
264
468
946
962
483
996
598
655
893
496
501
655
17
37
47
586
727
863
134
903
143
809
877
39
922
923
957
647
376
481
230
723
384
92
729
549
809
772
134
854
755
163
674
983
83
508
212
628
413
919
975
410
477
718
629
455
590
906
39
559
39
951
279
411
266
777
271
925
308
498
777
954
728
280
148
980
134
893
956
413
711
328
233
456
506
819
246
665
462
273
958
902
732
575
814
803
884
262
717
305
237
286
320
915
141
21
681
197
569
649
320
697
950
626
848
710
717
822
905
446
531
605
463
34
539
874
221
153
466
345
95
872
176
650
175
424
8
318
315
485
138
48
95
812
952
261
951
106
726
103
86
61
357
270
774
631
823
285
375
267
799
528
731
224
553
448
520
300
450
423
701
398
507
420
308
482
510
651
81
277
922
115
426
362
258
34
515
906
876
544
601
723
942
47
685
609
317
871
258
504
741
651
655
303
401
687
553
936
962
291
121
171
203
98
344
683
102
368
965
519
933
614
424
906
821
978
456
459
734
698
165
638
392
577
536
271
460
122
960
571
480
578
943
584
422
429
520
844
703
1
507
948
905
739
571
127
227
748
482
423
231
94
202
264
126
482
779
625
561
73
223
979
408
394
38
355
670
839
484
391
457
611
756
733
190
216
733
653
5
409
43
711
640
536
339
386
375
679
458
939
650
894
282
630
777
528
540
510
700
216
456
387
264
90
965
619
337
469
73
910
749
126
620
152
29
511
338
872
54
652
979
991
381
544
741
563
329
126
955
662
675
222
953
789
952
655
447
550
570
720
48
906
606
548
190
524
274
130
600
266
189
668
456
47
237
465
6
719
348
402
290
211
513
410
234
527
173
830
199
373
64
788
301
334
604
72
385
833
354
217
289
198
525
689
473
7
766
905
552
487
649
727
201
168
429
836
392
195
313
663
350
444
931
226
201
400
366
121
443
164
80
173
365
131
113
91
686
824
937
226
760
267
277
711
724
336
586
132
905
767
679
189
519
690
866
845
267
298
487
72
640
645
461
388
407
475
361
70
55
337
150
567
258
87
902
83
166
219
502
864
814
234
216
676
484
890
653
674
264
268
824
387
337
864
585
115
805
889
303
248
975
516
77
567
617
112
930
431
788
783
678
47
796
622
258
406
428
785
903
516
821
686
805
786
513
762
230
394
502
787
277
276
915
253
889
297
156
649
58
372
959
222
886
480
589
776
591
714
605
178
686
19
985
786
427
288
710
290
53
855
881
536
929
1
506
402
131
542
733
960
250
779
727
531
557
599
800
325
197
736
170
515
788
323
100
257
290
128
826
601
587
865
595
203
490
423
292
884
974
187
644
48
981
644
927
907
292
454
229
827
487
385
93
317
684
366
748
606
901
249
111
2
716
132
373
385
184
523
41
134
307
915
350
9
91
121
534
143
395
193
964
836
899
998
113
201
771
278
519
123
675
686
983
725
76
641
331
849
271
542
722
769
412
95
520
572
34
83
225
562
832
604
210
707
285
274
103
718
19
171
613
906
4
917
458
621
931
625
933
449
789
684
872
853
470
194
424
803
478
540
167
687
52
956
291
70
475
275
439
801
538
613
830
99
928
816
765
494
636
899
640
409
150
775
772
147
731
356
237
90
849
300
239
478
4
926
853
47
626
388
145
655
185
131
911
175
854
773
924
654
429
929
166
579
899
758
537
277
183
143
339
119
38
349
951
237
374
351
94
2
962
717
868
248
754
984
223
18
864
597
292
957
432
582
660
920
133
659
578
246
388
576
863
482
48
25
617
835
179
673
801
503
678
922
692
711
60
917
825
915
534
519
412
586
851
381
687
455
688
31
103
714
773
848
614
385
854
386
199
728
367
387
838
190
795
789
279
509
890
949
859
215
834
663
711
868
163
277
630
667
338
161
147
148
569
86
730
829
308
306
857
674
718
97
547
147
681
222
790
61
102
177
565
739
171
887
880
109
137
745
221
576
755
532
389
205
240
689
620
709
59
449
201
583
92
185
497
736
115
564
187
941
486
569
565
161
596
407
976
681
205
620
692
562
85
280
918
185
708
341
906
991
602
81
2
652
975
981
647
986
390
143
993
573
558
280
90
186
967
227
609
832
713
938
503
438
757
638
498
811
266
311
28
774
657
195
338
405
566
912
185
614
760
989
291
62
626
118
4
804
190
732
218
481
732
74
278
663
577
563
895
336
483
835
720
78
115
219
916
362
941
685
619
54
41
994
71
723
646
441
812
638
634
693
620
534
93
547
41
582
917
674
827
3
17
848
131
925
269
213
946
407
202
641
862
505
112
164
439
738
3
554
17
136
751
256
702
789
214
186
985
568
178
333
445
266
857
616
36
192
862
146
454
433
494
405
435
993
830
115
421
928
107
303
579
363
657
690
251
761
146
342
710
82
228
378
228
869
196
596
647
495
127
246
875
857
99
583
641
346
820
708
958
99
764
56
460
875
753
81
608
167
365
275
46
520
435
371
204
116
176
566
797
234
468
926
801
861
427
722
263
74
49
905
940
438
383
611
318
172
917
353
115
114
987
480
130
852
200
355
421
728
378
524
169
254
911
724
631
838
255
598
447
31
817
534
118
459
334
608
137
823
53
32
199
822
451
682
247
987
796
948
661
72
300
535
695
524
735
686
526
658
980
479
917
319
905
84
297
452
362
670
518
591
217
597
674
346
325
347
802
229
477
643
41
306
936
375
730
281
839
594
724
647
81
478
843
573
115
879
916
367
385
795
625
126
430
69
854
703
861
348
198
388
883
296
181
337
438
610
382
530
353
15
612
767
945
870
509
739
754
101
231
445
431
435
844
681
17
915
876
867
521
27
420
491
395
336
764
785
297
506
135
504
497
386
13
369
182
857
180
560
559
115
948
759
117
752
957
448
452
499
319
522
734
515
8
326
594
121
372
609
106
724
442
247
966
726
948
44
422
474
498
160
735
316
307
406
78
660
373
643
379
316
332
797
187
613
770
982
377
686
775
61
485
570
453
835
673
701
793
390
804
912
25
978
0
159
786
418
207
602
248
933
747
728
230
790
392
644
60
352
956
965
667
735
699
437
674
165
862
472
733
377
867
982
838
467
290
354
796
27
826
352
774
774
438
841
314
756
339
663
442
28
640
440
434
838
244
290
278
563
484
620
555
735
869
871
66
764
890
763
499
37
848
32
526
603
190
893
296
857
122
918
825
198
29
704
736
426
548
0
222
999
75
232
543
206
796
38
904
567
775
550
866
576
163
405
179
607
914
830
648
351
993
421
441
566
795
357
706
164
134
639
216
889
541
500
962
615
489
319
807
151
988
729
81
572
51
249
34
624
525
128
511
717
351
870
6
653
791
976
410
439
332
740
432
135
334
976
35
663
443
563
118
594
23
496
363
263
340
868
514
546
322
82
639
5
128
498
538
670
493
308
824
512
909
368
819
247
297
945
238
75
213
371
181
961
10
916
693
855
507
742
313
922
462
864
116
249
100
426
7
835
438
364
170
134
739
605
685
655
676
115
966
394
630
439
332
951
901
677
995
211
805
682
163
751
994
901
50
44
251
570
147
871
938
403
636
848
201
46
221
405
231
38
178
391
776
919
291
22
532
165
347
422
431
796
30
755
201
419
140
838
554
640
404
106
968
95
455
227
802
483
750
855
456
589
979
766
503
771
974
75
609
28
512
85
222
724
439
141
372
881
647
782
905
383
851
590
634
72
423
681
463
64
220
48
415
492
966
841
816
263
251
429
444
65
228
526
128
318
883
244
655
314
854
921
836
968
949
72
738
389
132
431
348
293
611
545
808
463
669
730
757
597
325
109
629
217
337
840
155
324
461
315
188
178
25
149
209
298
212
447
542
894
103
426
130
820
81
151
453
682
718
665
649
153
486
57
988
745
291
618
630
108
916
413
927
817
242
169
267
462
336
509
250
222
187
862
494
898
978
809
135
186
387
472
606
796
666
34
692
968
161
464
7
593
816
433
977
690
499
313
577
911
883
991
346
208
414
426
966
623
563
89
766
482
482
444
721
443
806
130
150
207
477
299
301
872
501
656
405
753
885
804
399
664
231
224
302
395
126
398
382
239
68
68
404
71
697
525
110
372
711
533
883
368
162
369
433
584
689
473
706
757
21
213
738
759
689
101
250
258
141
325
317
408
748
911
139
409
894
229
174
976
546
33
41
351
920
31
501
861
790
717
706
652
691
625
218
854
329
645
381
595
274
852
230
386
216
474
620
251
230
24
689
460
298
729
211
987
171
386
839
658
600
389
467
423
619
664
716
122
693
284
79
249
847
579
702
693
802
655
134
445
411
250
631
766
28
245
353
961
414
230
683
942
806
723
995
884
384
806
766
552
758
497
558
945
944
440
612
719
27
517
184
516
252
393
247
349
758
701
395
374
310
755
708
462
601
136
443
124
583
817
309
995
889
582
687
913
692
686
821
587
633
634
934
896
45
166
690
412
475
645
126
682
411
392
242
2
789
95
343
807
996
487
135
209
208
188
627
669
705
333
657
71
879
808
740
675
820
811
416
434
446
30
648
937
691
626
584
497
340
684
124
597
342
14
590
145
498
725
688
856
539
20
706
142
988
54
802
602
651
566
182
977
678
908
361
965
839
197
517
581
604
129
329
21
209
59
729
865
217
594
177
95
122
560
895
425
324
506
948
636
823
981
845
773
502
146
918
434
652
624
306
300
207
107
252
409
691
685
932
929
325
937
385
57
389
87
855
118
13
935
641
332
248
881
758
622
284
555
518
63
141
295
213
592
287
876
887
15
307
485
734
638
574
19
310
886
596
788
384
415
291
799
420
717
982
974
51
325
348
630
125
135
167
868
787
30
723
793
769
512
199
839
811
528
201
3
758
229
570
871
25
496
171
103
772
341
874
496
609
313
824
561
666
676
360
599
471
705
232
280
162
803
19
872
215
451
988
892
515
979
215
822
755
477
604
628
964
63
96
445
156
227
183
455
688
638
172
134
167
601
532
52
996
290
708
222
477
298
887
320
352
981
980
629
98
1
806
189
71
731
635
407
608
786
124
934
619
563
183
577
279
854
724
913
447
162
826
465
768
382
151
665
176
776
93
174
247
553
357
686
831
983
62
436
966
125
444
210
166
774
603
913
114
310
41
497
256
66
182
935
175
341
420
689
580
969
230
832
693
949
687
65
206
497
745
295
792
288
947
322
718
616
298
994
778
237
550
866
734
595
917
181
371
421
510
490
562
372
856
996
894
611
516
216
86
538
707
617
564
745
705
968
119
860
216
559
42
426
910
342
419
364
97
98
31
506
694
784
986
254
732
419
431
950
428
106
99
82
907
240
530
932
301
989
889
949
61
510
204
951
448
136
461
513
577
529
514
418
185
580
843
922
630
309
13
286
536
169
432
110
460
960
518
669
812
486
62
108
208
82
444
183
580
35
806
596
957
918
372
898
592
680
896
326
397
608
302
991
975
603
412
892
78
94
490
488
617
792
701
90
466
405
209
103
136
660
342
594
503
416
328
618
796
534
517
779
63
192
272
204
184
71
132
605
669
551
105
485
545
318
978
165
216
282
431
187
471
793
189
737
265
707
488
559
275
794
96
543
576
711
424
425
519
497
906
395
272
604
433
585
554
856
49
185
438
162
401
513
102
330
308
270
2
535
938
476
582
573
330
874
454
561
908
833
893
553
646
719
376
36
914
866
359
604
182
409
658
302
120
112
393
582
441
246
403
154
422
983
559
429
812
699
274
559
130
992
947
215
291
885
516
681
137
66
416
441
910
398
352
528
818
280
452
218
481
871
120
662
430
739
130
662
160
946
223
215
592
800
473
190
461
442
10
235
595
711
445
375
829
961
243
24
630
30
611
532
246
56
77
259
872
284
785
552
754
853
521
191
842
201
849
110
924
162
67
375
269
217
622
770
426
744
833
468
496
105
32
130
334
691
968
536
722
214
317
176
657
458
480
741
190
253
532
628
112
132
99
467
962
235
263
28
433
307
832
127
451
316
56
648
821
391
856
151
232
312
388
710
845
890
718
810
736
880
580
172
211
204
355
363
6
564
167
99
427
940
102
414
382
189
724
340
402
831
919
798
397
381
396
799
744
389
622
71
516
452
292
552
727
659
916
247
960
692
642
257
223
756
723
292
210
973
328
656
166
378
408
904
961
781
775
830
808
555
619
616
942
95
582
975
647
549
687
722
273
477
379
709
188
662
575
640
657
104
589
770
61
965
905
138
44
387
591
946
883
85
439
405
73
26
315
128
174
748
644
661
286
605
382
689
998
698
716
298
206
135
172
703
966
848
555
976
190
443
931
260
957
741
839
188
37
974
635
162
347
446
465
909
459
927
484
456
583
216
139
345
671
292
740
748
912
735
438
225
471
338
938
730
816
384
703
545
766
194
651
24
62
553
951
759
669
263
243
38
363
99
393
974
303
586
588
664
0
90
275
301
536
410
691
8
508
735
93
75
224
939
689
388
564
115
282
117
341
980
79
649
491
399
861
371
945
963
426
230
795
38
544
675
919
350
488
652
862
942
250
934
170
168
814
424
409
5
409
188
304
470
323
20
11
626
809
136
549
319
63
544
308
862
280
185
395
14
469
214
627
630
255
398
730
144
479
323
585
437
962
940
554
238
926
324
715
524
664
292
540
351
102
542
879
705
626
307
887
628
28
395
536
195
561
674
214
924
289
866
147
486
551
112
357
123
990
69
936
956
470
871
350
176
673
275
527
713
518
24
518
171
436
956
408
567
404
358
677
252
109
790
234
797
145
54
799
990
184
756
714
556
370
931
157
156
44
359
521
285
146
501
405
264
347
975
49
595
703
790
719
632
392
684
846
679
637
552
31
619
476
537
528
762
310
962
801
504
798
252
522
44
836
391
105
608
385
969
449
169
4
204
286
394
37
82
163
685
84
478
519
492
328
902
808
608
972
643
954
385
174
545
796
451
268
674
795
0
579
238
294
667
103
861
615
272
250
134
724
227
798
115
420
320
732
30
716
934
583
496
635
741
15
64
995
459
407
835
126
363
286
163
106
845
183
852
388
466
287
536
357
837
918
726
586
58
125
476
718
238
958
861
417
82
603
553
652
39
866
155
864
415
8
361
940
635
9
574
137
880
641
249
647
46
139
797
822
288
477
937
334
931
116
888
404
425
745
24
242
630
199
349
600
131
672
942
829
557
785
950
49
550
339
838
596
708
213
371
943
805
730
363
561
928
821
932
298
120
956
515
889
984
331
506
680
291
649
515
373
196
968
265
503
527
888
783
592
278
291
696
212
374
81
437
900
836
788
671
310
739
643
708
600
270
60
64
219
832
157
305
58
697
997
746
836
464
859
34
40
37
340
20
829
260
302
515
903
893
606
843
503
978
205
634
553
259
665
232
466
823
563
760
121
986
637
514
377
334
601
435
976
754
630
272
399
623
879
340
967
545
161
326
225
313
801
80
492
362
193
576
799
627
567
217
473
579
898
842
622
788
138
568
291
171
866
749
347
932
234
929
380
325
265
921
662
237
534
807
184
557
21
14
141
24
636
349
186
413
798
819
724
36
717
178
407
592
34
54
446
52
732
559
128
263
196
474
361
646
554
236
44
91
658
65
767
123
426
267
534
517
563
934
134
414
205
343
607
86
513
69
202
480
361
132
824
461
886
878
828
162
987
539
858
562
774
633
378
652
411
283
166
767
519
929
488
798
425
713
58
853
866
275
133
485
33
564
730
525
241
305
237
548
438
372
529
24
75
571
639
571
964
955
674
230
903
435
960
431
643
25
36
172
819
975
295
712
406
373
528
210
903
852
410
106
46
617
328
147
400
464
722
853
73
486
888
910
601
903
582
598
604
298
881
215
268
64
728
463
76
817
618
702
42
429
668
111
544
568
183
285
106
813
30
179
302
182
99
333
86
385
111
503
791
930
605
604
970
195
837
982
888
865
70
583
846
20
811
644
818
776
365
32
719
296
491
790
267
702
912
86
965
395
376
691
705
114
910
112
823
63
141
349
730
201
396
241
743
447
332
282
371
454
514
310
19
78
783
495
439
815
337
268
282
750
16
492
488
378
877
731
110
698
820
754
635
16
302
517
899
249
47
820
370
630
715
510
880
66
672
627
331
415
672
8
726
873
67
979
184
903
753
364
570
600
172
672
634
760
675
2
775
265
595
190
767
517
897
652
35
506
611
421
706
249
400
694
26
812
28
762
948
322
333
995
495
683
249
769
458
43
875
120
391
669
851
65
820
482
241
209
975
415
944
677
292
331
658
320
200
477
645
821
732
912
54
453
932
599
694
83
267
127
194
992
630
491
30
36
397
334
874
543
571
818
786
533
378
655
703
164
25
929
569
980
397
53
388
478
615
398
133
220
788
157
942
847
221
952
46
800
300
621
922
865
603
102
250
913
126
520
75
276
896
530
58
337
558
213
594
576
102
552
421
999
201
653
755
414
876
938
312
425
608
902
863
403
6
704
376
295
803
475
352
94
322
856
324
257
98
604
289
7
357
470
698
748
200
922
663
949
346
836
37
187
208
649
667
993
667
655
330
853
836
299
773
627
200
326
676
344
329
498
315
271
649
304
68
138
203
114
202
83
40
427
948
966
438
164
885
673
188
330
590
443
273
435
170
57
696
71
547
874
246
318
619
848
521
765
538
904
581
529
789
552
452
247
813
409
350
806
188
35
440
3
156
999
907
872
998
213
133
10
442
132
566
328
837
721
807
100
445
673
626
981
92
659
540
38
990
26
622
761
706
889
882
512
433
242
162
620
940
648
767
325
770
570
87
657
985
124
409
92
602
249
361
515
409
459
911
496
458
869
881
971
590
372
303
552
249
54
895
594
558
186
160
796
905
301
211
522
572
883
52
866
617
530
159
457
528
367
102
974
331
666
162
71
767
795
734
397
266
534
407
930
228
814
533
415
89
564
609
107
247
388
924
574
816
14
354
60
213
846
24
882
951
920
263
892
24
89
29
109
567
814
255
37
475
122
637
802
996
743
367
963
757
995
726
942
741
587
254
752
441
673
183
419
510
525
978
307
551
641
390
0
534
499
540
433
133
886
99
694
376
551
64
469
479
60
124
956
194
320
150
436
834
276
668
893
630
836
526
949
143
330
251
354
352
367
428
257
454
292
809
855
488
559
375
890
608
713
940
450
401
21
113
231
491
953
165
257
831
646
803
296
359
149
551
46
300
709
116
111
631
867
501
901
510
294
948
274
900
778
284
916
896
76
548
121
216
19
863
398
201
170
425
808
489
513
495
339
8
329
589
898
597
828
818
533
520
212
720
196
5
890
356
53
361
887
400
283
600
429
830
280
846
717
910
460
441
693
411
997
799
609
266
571
188
385
319
67
258
15
601
4
298
666
393
311
813
372
446
602
112
212
739
579
498
308
52
879
918
358
92
826
800
723
396
396
624
785
864
975
567
332
24
585
828
826
982
180
324
598
646
68
247
809
884
587
869
687
72
880
333
440
149
899
922
774
203
575
269
997
686
28
507
470
34
779
187
154
750
672
326
872
554
319
711
24
579
990
838
809
526
937
712
984
642
127
183
125
662
53
622
406
910
327
912
617
560
776
774
105
399
715
936
399
553
461
885
830
188
898
194
212
736
460
470
749
316
523
828
906
596
62
491
697
50
919
962
227
407
93
463
803
216
733
409
810
0
312
430
180
241
353
936
764
858
409
669
449
856
162
301
37
947
868
509
337
224
239
349
634
499
658
422
94
434
391
996
3
50
660
749
3
92
648
664
242
125
726
838
640
249
512
370
245
791
425
855
348
224
72
585
761
963
796
680
583
930
841
329
467
413
665
399
196
412
298
944
299
203
266
211
497
400
708
384
987
287
177
303
9
535
648
779
978
74
987
40
296
967
81
312
284
396
371
227
583
112
174
832
493
481
556
144
958
860
87
360
254
411
693
295
752
538
320
931
764
886
421
121
425
258
648
331
121
953
927
101
29
481
800
874
113
345
810
527
979
503
821
117
986
626
785
884
274
785
559
745
76
440
463
697
691
52
407
234
833
224
23
4
932
986
331
772
611
818
181
407
728
792
952
260
64
303
135
798
472
763
57
335
393
182
24
589
18
102
183
60
938
575
694
754
480
816
185
999
295
13
272
455
603
152
17
283
487
202
632
388
917
608
762
69
167
687
610
750
961
742
754
508
635
120
469
153
98
197
779
247
118
135
503
459
490
601
731
241
164
741
101
815
469
794
143
329
813
625
586
793
206
434
37
552
258
764
820
483
683
864
185
290
422
385
270
782
105
302
578
565
955
369
585
220
641
939
39
840
977
139
340
472
610
986
41
683
97
950
201
726
781
248
558
300
556
811
392
84
524
361
224
510
46
21
837
837
848
817
911
318
724
979
505
543
524
712
679
435
343
586
684
154
101
852
784
707
810
285
664
829
547
954
316
616
915
830
425
589
149
204
835
279
38
882
1
801
743
15
776
843
131
956
741
937
676
69
408
194
236
130
26
562
153
81
771
770
663
889
628
694
286
89
286
138
751
404
116
219
850
982
964
795
509
820
698
590
213
378
939
845
421
231
353
19
177
272
126
956
110
231
138
853
386
82
557
41
669
602
186
271
953
188
344
253
166
231
53
332
383
180
556
284
949
782
272
55
736
267
960
478
278
159
108
618
844
110
408
427
263
656
920
611
191
668
892
232
887
100
853
946
218
793
573
930
674
853
904
604
809
501
305
402
641
707
993
793
80
725
408
55
823
626
69
727
260
945
92
281
889
39
167
636
414
14
260
484
586
178
943
990
206
803
617
761
350
517
969
483
675
99
152
161
691
797
123
591
724
846
669
729
760
622
715
770
333
669
988
627
447
508
207
902
781
418
849
19
9
308
376
742
976
609
606
789
886
6
945
616
891
668
760
739
508
214
229
583
88
846
427
681
529
342
36
166
891
250
380
272
947
103
582
415
470
927
753
151
16
925
883
327
723
371
735
779
748
467
393
566
188
266
931
162
880
694
213
633
572
439
898
636
625
672
669
787
86
344
269
580
461
78
566
163
963
99
958
157
606
257
418
424
856
813
84
680
172
419
535
776
714
119
579
577
27
246
702
51
702
947
692
403
198
813
105
110
700
767
198
781
736
55
26
315
21
474
780
812
588
988
615
666
809
493
865
341
498
988
136
716
397
906
454
658
564
15
225
42
708
974
980
404
220
753
40
658
93
264
556
552
466
890
463
713
332
26
593
704
947
763
611
711
631
482
383
829
601
367
750
6
248
737
103
614
8
210
445
55
453
207
248
234
432
583
250
507
443
740
326
537
421
520
95
945
362
269
772
738
370
210
57
725
513
550
304
728
786
848
705
122
581
537
251
740
514
376
278
48
231
876
385
860
41
212
584
727
642
158
251
739
437
706
685
242
149
523
721
882
278
521
720
594
35
203
956
883
269
355
430
985
990
724
507
493
825
196
683
301
965
577
86
628
597
966
684
874
852
8
590
990
655
396
770
709
155
790
825
837
255
700
458
287
727
265
748
713
199
191
417
953
839
419
916
701
435
92
997
68
519
81
31
260
764
439
330
594
953
797
338
35
371
845
45
264
118
799
900
331
217
970
675
660
591
637
151
235
479
68
274
62
792
757
318
173
669
197
522
287
935
154
759
401
853
382
581
993
374
652
582
635
192
666
850
548
406
371
668
127
288
94
115
885
522
275
242
614
527
871
595
921
277
612
396
63
210
273
806
209
55
157
860
826
486
638
870
126
906
769
767
297
529
394
998
840
38
874
878
578
139
967
466
503
56
661
358
579
270
786
338
132
564
459
72
131
233
288
399
884
404
115
707
758
103
297
392
882
614
555
24
335
394
227
69
87
691
357
770
824
279
291
856
119
431
635
732
69
321
867
607
750
475
994
174
24
260
707
400
758
269
476
964
715
762
2
737
337
389
985
440
876
517
574
604
112
259
587
327
468
564
322
560
747
947
274
860
400
53
45
826
983
957
11
555
803
326
141
357
428
897
395
680
336
426
731
232
901
390
61
764
673
380
931
193
947
915
217
767
487
142
337
283
343
158
457
918
506
19
800
785
117
229
898
570
169
641
224
320
216
41
959
9
991
280
153
602
25
817
607
888
109
374
869
286
560
111
336
177
968
812
726
881
589
276
647
443
482
360
24
305
690
896
550
446
182
327
292
63
5
854
893
688
411
912
676
743
359
611
10
57
305
47
351
404
315
77
420
715
633
710
120
664
792
302
197
212
823
423
103
232
819
273
172
114
919
38
470
677
599
903
83
870
350
967
999
643
544
146
131
105
907
576
429
295
734
228
895
108
714
463
920
935
507
777
237
32
875
237
484
277
607
743
115
730
626
249
314
825
303
554
667
676
292
998
325
242
843
877
379
691
142
361
962
135
982
147
363
572
729
966
767
307
662
854
498
163
461
699
668
484
913
70
805
160
796
244
643
509
451
995
189
998
857
793
134
245
780
979
747
478
886
741
95
336
786
360
14
438
500
161
781
144
208
894
777
72
555
802
339
738
504
853
120
734
777
769
449
868
719
252
383
481
951
190
598
171
974
469
373
436
229
205
9
289
213
45
790
963
15
61
689
978
640
8
973
32
621
361
558
17
910
145
718
247
778
300
192
17
296
606
97
86
429
903
508
299
844
830
520
732
979
486
852
657
562
404
841
942
216
565
550
613
910
355
525
84
486
761
511
913
852
772
666
409
964
603
548
736
500
674
188
790
840
825
37
424
292
60
684
373
458
249
801
730
55
484
176
73
377
424
812
82
319
607
880
207
819
443
693
959
856
104
442
541
377
760
773
84
318
101
792
425
76
137
454
602
971
935
354
479
427
475
358
76
862
105
470
233
945
830
604
849
367
725
517
354
807
259
353
295
711
91
755
276
632
386
6
182
152
277
235
883
89
213
532
380
745
366
679
271
290
539
139
487
496
942
58
351
619
100
795
712
582
58
768
335
720
82
443
475
99
287
81
668
594
720
759
153
192
137
608
440
579
81
5
171
952
267
780
689
327
654
562
51
481
523
301
30
445
196
659
663
922
203
172
2
458
470
893
775
183
905
158
482
491
354
132
500
53
597
383
453
301
754
148
444
725
29
187
70
419
729
707
996
477
945
518
375
909
2
712
481
374
4
506
422
495
80
560
126
391
801
976
848
812
206
361
168
55
727
276
429
283
822
356
453
197
162
4
546
836
756
591
50
884
902
78
297
248
726
949
645
469
60
679
618
752
859
183
270
583
349
320
181
726
283
198
551
648
52
224
333
75
13
289
634
209
925
964
910
127
64
919
329
778
631
959
222
142
738
700
338
979
733
962
486
436
409
324
600
703
527
648
195
501
616
569
455
771
45
408
826
895
272
143
519
430
991
403
94
324
975
409
909
351
886
353
341
51
802
198
800
601
363
206
600
415
723
827
162
62
504
451
97
330
874
442
707
590
442
56
445
5
230
276
728
117
738
844
615
262
227
403
968
847
607
225
531
65
542
103
706
163
241
31
819
524
312
579
477
443
646
750
608
746
752
794
370
87
478
482
676
879
211
899
834
100
483
249
722
648
910
641
47
339
350
281
764
198
456
203
805
159
366
172
616
477
795
222
94
812
855
444
587
59
427
826
951
341
197
719
40
62
857
829
533
5
703
269
395
471
30
171
630
274
677
517
512
39
283
357
305
261
155
910
793
465
53
987
912
524
329
423
1
737
163
743
301
537
638
610
773
525
826
623
782
683
813
312
382
909
313
912
58
840
413
779
907
947
36
67
951
715
357
871
141
606
170
893
111
934
215
975
400
672
583
780
434
531
127
109
652
741
605
2
210
417
365
160
324
383
835
354
501
571
659
58
168
955
481
175
512
920
200
448
693
338
511
385
256
633
345
375
819
926
415
210
109
354
660
724
241
10
569
728
98
860
473
829
13
524
611
479
50
952
597
731
540
156
308
872
905
979
904
690
38
460
535
575
156
448
948
813
294
757
933
502
351
472
349
832
864
682
372
732
21
865
325
867
328
683
670
953
45
788
818
262
106
878
690
638
325
898
672
564
575
798
185
293
18
95
380
67
806
476
7
223
606
171
669
172
135
668
246
472
778
995
767
505
938
671
396
473
782
711
507
965
9
808
156
222
680
31
848
233
303
602
146
569
781
594
655
934
208
517
503
657
652
199
785
580
30
679
354
346
699
907
285
95
968
41
214
798
15
447
491
103
819
13
169
176
849
197
724
343
16
461
264
264
208
849
313
809
23
575
191
1
676
502
533
395
317
51
600
739
380
857
918
761
26
399
838
638
30
609
731
833
954
11
330
237
642
20
886
119
727
405
774
440
255
490
426
317
479
774
858
798
596
985
963
159
543
503
238
808
11
675
779
414
844
358
46
665
171
296
752
297
164
481
11
974
82
478
505
536
972
520
159
256
750
933
236
969
47
171
693
139
781
77
107
52
626
360
595
896
443
761
145
183
21
561
633
115
974
988
77
65
997
702
835
490
515
522
663
911
122
77
617
0
602
613
515
86
374
958
348
721
882
608
92
211
375
975
234
189
299
120
995
59
94
628
141
79
242
616
537
103
697
684
774
366
143
145
580
407
45
547
740
15
640
355
183
388
609
624
115
539
288
473
611
1
81
558
906
974
471
436
844
757
421
245
23
197
834
726
67
229
395
827
143
752
380
979
419
738
444
753
469
617
501
997
815
223
72
772
284
585
239
606
935
609
702
983
594
395
331
985
554
883
556
885
144
460
329
859
621
102
138
167
529
718
966
226
256
423
429
800
125
61
441
482
990
789
891
534
49
397
384
24
406
459
198
585
61
615
852
354
893
212
151
182
447
71
76
217
642
476
726
171
965
531
859
492
442
73
895
355
569
795
810
224
717
114
761
70
519
381
164
640
570
75
906
912
910
259
35
918
712
674
891
573
670
213
59
874
599
706
143
987
719
497
785
98
402
927
464
332
310
5
697
261
311
86
600
889
625
947
582
182
38
977
642
894
904
236
554
504
55
886
471
813
238
176
920
73
290
807
510
982
795
702
608
706
977
629
262
583
612
169
249
652
124
960
949
742
854
890
194
165
373
959
277
424
534
883
23
134
165
527
599
817
436
599
387
336
369
936
917
274
974
970
891
886
636
819
689
277
227
178
218
400
613
344
609
835
425
183
172
93
606
127
418
85
569
431
215
524
572
612
373
918
972
919
191
402
68
391
787
715
194
745
906
987
308
199
204
92
990
552
911
185
763
824
668
846
551
805
316
205
603
164
705
614
804
300
427
693
153
206
767
33
396
456
898
860
221
431
777
370
227
123
534
19
701
188
154
148
251
344
851
262
75
582
111
30
39
291
182
8
771
511
938
783
785
877
788
307
926
807
625
120
28
945
978
480
630
685
913
615
145
279
441
809
355
504
958
814
345
868
820
930
248
769
599
715
184
751
234
823
399
847
221
443
719
730
234
129
604
631
400
354
378
567
862
491
69
129
427
280
919
974
961
58
987
695
872
259
346
262
295
878
451
89
216
297
57
997
90
624
270
828
210
713
467
466
552
681
906
107
646
55
323
953
904
425
885
163
456
23
858
974
783
341
336
521
902
288
351
564
433
71
38
802
10
90
764
248
590
520
143
191
352
238
616
239
555
497
184
790
412
893
541
66
766
295
45
868
377
946
563
263
329
341
673
574
17
520
943
814
660
637
573
936
880
667
622
544
725
96
965
405
103
560
152
539
530
972
36
714
44
895
870
643
957
879
861
11
564
41
222
35
554
370
129
774
320
604
185
99
673
501
142
281
980
158
159
769
188
134
43
44
484
228
769
765
767
929
978
0
806
611
979
684
874
930
851
733
430
378
219
925
786
937
41
543
752
589
662
798
720
91
822
430
998
177
551
325
601
364
6
390
626
184
293
62
521
458
407
50
307
426
339
810
914
117
258
547
187
225
12
178
266
180
280
714
788
549
685
696
378
525
132
65
371
828
299
601
643
979
22
294
182
612
491
294
751
11
515
880
919
4
138
375
352
828
123
446
904
578
273
972
772
710
671
781
293
274
438
85
817
656
903
207
203
717
996
654
688
986
962
776
33
805
776
374
387
756
713
542
705
853
697
65
706
49
521
471
940
710
0
477
573
430
62
263
100
930
172
634
832
468
757
918
615
496
939
967
933
297
393
537
561
896
380
964
959
837
501
153
196
524
714
977
985
485
203
602
742
513
273
457
584
78
709
236
95
779
449
209
110
554
537
643
317
463
916
677
49
98
304
263
428
19
437
308
754
780
932
130
292
336
224
420
23
936
952
482
186
143
868
180
387
291
42
642
986
71
660
522
568
526
552
644
209
10
28
565
640
401
482
315
846
319
917
773
329
117
620
381
510
434
490
906
230
123
875
136
976
795
321
682
120
409
561
765
783
579
211
12
907
387
842
784
660
552
333
68
374
268
312
869
451
278
12
134
35
646
414
85
135
891
588
844
80
799
195
437
758
151
990
749
906
607
473
122
591
706
245
677
790
806
762
707
483
451
231
841
396
426
730
137
165
125
876
15
798
997
704
861
357
895
309
223
278
562
963
843
804
890
542
329
400
737
295
328
129
881
361
628
567
353
40
331
421
852
584
780
730
457
323
594
2
384
319
894
497
538
428
920
488
388
36
506
884
400
736
428
830
548
886
917
635
75
293
3
854
978
802
425
977
182
112
346
566
947
327
16
417
400
831
590
452
440
140
179
316
534
447
20
116
156
950
182
571
405
959
926
91
315
40
518
735
3
943
305
275
689
940
936
73
720
11
430
716
295
464
195
935
113
687
320
530
782
309
821
232
929
775
160
988
400
925
101
359
313
855
449
497
834
903
627
594
511
946
396
144
520
466
275
941
763
991
977
628
720
987
953
693
121
73
346
914
779
947
673
794
910
70
403
440
15
697
100
210
59
725
19
835
913
677
712
463
499
219
224
409
947
472
639
325
901
755
376
761
557
712
814
564
273
601
234
449
63
835
925
66
890
766
568
994
968
118
780
443
360
883
414
559
722
263
846
437
430
78
539
259
321
338
652
346
911
454
561
311
442
262
399
664
294
158
518
181
903
645
356
783
975
932
400
674
298
254
842
9
754
796
18
985
296
665
745
552
113
221
83
513
556
468
1
98
483
749
265
563
745
665
534
785
721
755
284
388
937
978
48
656
612
551
557
645
244
414
368
628
413
966
67
681
562
842
226
506
931
302
190
549
989
278
264
88
262
233
263
540
381
356
614
135
173
427
900
5
910
355
853
69
381
637
149
779
598
852
222
879
529
777
457
635
787
499
666
334
287
469
382
10
150
828
246
57
352
931
508
135
941
221
596
575
448
121
167
351
128
484
489
410
10
384
10
604
898
978
347
674
760
566
717
441
972
843
918
552
391
92
427
666
344
87
937
307
181
882
186
666
331
315
205
802
979
972
0
765
817
642
158
373
584
833
375
374
503
154
602
605
203
615
960
35
57
823
65
922
447
703
422
16
792
681
342
444
361
915
461
0
842
152
735
749
934
54
82
510
712
562
804
26
279
580
462
716
355
170
744
156
907
77
318
114
219
141
580
902
490
930
13
587
692
602
763
50
879
211
100
3
740
554
210
884
898
396
736
211
218
626
88
191
170
305
93
764
834
621
529
793
473
179
19
781
548
216
334
677
817
412
836
144
69
741
415
352
866
